        80        15        64        64        80         0
 0.13136      9.41719E-02 -7.79185E-02 -1.28404E-02  7.25148E-03  1.10259E-02  6.64983E-02 -1.22595E-02  3.13119E-03 -2.96339E-02 
-0.10231     -2.81024E-02  7.91464E-03  5.56600E-02 -8.51938E-02  1.27817E-02  0.19203       1.0000       1.0000     
 0.12473      8.32735E-02 -5.18605E-02  3.61639E-02  4.30272E-02 -6.86252E-02 -1.95793E-02  4.02687E-03  4.61663E-02  4.76364E-02 
 4.91150E-02 -7.35726E-02  5.67389E-02 -5.23489E-03  4.38543E-02  1.25120E-02  0.19583       2.0000       1.0000     
 0.11924      9.50000E-02 -7.99904E-02  2.41730E-02  9.75781E-03 -5.11674E-02  4.61536E-02 -3.74364E-02 -2.79130E-02 -3.58749E-03 
 2.34791E-03 -5.55837E-02 -4.20838E-02  8.49638E-02  4.13118E-02  1.27846E-02  0.19381       3.0000       1.0000     
 0.12206      9.94521E-02 -7.22434E-02 -3.15670E-02 -3.53731E-03 -2.80713E-02 -2.75135E-02  1.44518E-02  8.66029E-03  8.14114E-02 
 9.19921E-02  0.13182     -9.90908E-03 -4.11424E-02  5.38072E-02  1.26840E-02  0.19400       4.0000       1.0000     
 0.11253      8.42849E-02 -7.78254E-02  4.37266E-02  4.48241E-02 -5.62549E-03 -7.79964E-02 -5.54560E-02  1.68272E-02  8.07146E-02 
-2.15287E-03 -2.04911E-02 -3.63563E-02  1.38198E-02 -5.66432E-02  1.27244E-02  0.18843       5.0000       1.0000     
 0.12159      9.33287E-02 -9.70876E-02  8.16480E-02  1.18028E-03 -0.12320      5.94504E-03  2.88594E-02 -1.31368E-02 -1.27822E-02 
 3.05082E-02 -6.06825E-02 -9.16096E-03 -1.91907E-02 -7.44536E-03  1.27952E-02  0.19608       6.0000       1.0000     
 0.10455      8.57148E-02 -8.09791E-02 -3.31018E-02 -5.25609E-02  5.11156E-02  4.89112E-02  3.20465E-02 -4.32370E-02  3.32590E-02 
-2.48354E-02 -5.07931E-02 -4.16633E-03  7.10222E-02 -1.84398E-02  1.27951E-02  0.18753       7.0000       1.0000     
 0.12378      9.13706E-02 -7.27927E-02 -0.10501      8.68918E-02 -4.37084E-02  3.54243E-03  2.47885E-02  5.32306E-02 -5.09853E-02 
 6.54197E-02  1.39440E-02  7.00520E-03  2.23737E-02  9.70931E-03  1.27393E-02  0.18965       8.0000       1.0000     
 0.13017      9.70743E-02 -7.07555E-02 -8.04806E-03 -4.64102E-02 -4.80680E-03 -1.10654E-02  3.18736E-02  2.99479E-03 -1.35146E-03 
-0.11326     -9.80943E-03  7.00932E-02 -3.53617E-02 -2.44418E-02  1.25787E-02  0.20228       9.0000       1.0000     
 0.12297      7.97395E-02 -6.40978E-02  1.79281E-02 -3.84917E-02 -7.53697E-03  1.33855E-02 -0.14062      7.17729E-02 -2.73466E-02 
-5.43121E-02  5.72255E-02 -8.94272E-02  6.89488E-02 -9.97275E-03  1.27599E-02  0.19660       10.000       1.0000     
 0.10087     -0.10659     -9.39825E-02  4.03216E-02 -5.13909E-02  8.76878E-02  2.66784E-02 -0.11533     -1.33176E-02 -1.51287E-02 
 2.00640E-02  5.53822E-02 -4.29814E-03 -5.66928E-03 -1.56973E-02  1.29069E-02  0.18663       11.000       1.0000     
 0.10111     -0.11416     -6.70871E-02  8.35999E-02 -1.48649E-02  3.94557E-02  7.33390E-02 -3.04023E-02 -0.11219      7.11899E-03 
 7.57475E-02  2.33837E-02  6.58606E-02 -1.62708E-02  8.99493E-02  1.25109E-02  0.19571       12.000       1.0000     
 0.11914     -9.88335E-02 -6.11191E-02 -5.30951E-02  6.20268E-03  2.45908E-02  1.50734E-02  5.94853E-03  5.79938E-02 -8.43587E-03 
 7.33376E-03 -7.98222E-02 -6.59989E-03 -7.82492E-02  3.49309E-02  1.26235E-02  0.19190       13.000       1.0000     
 9.96190E-02 -9.53266E-02 -5.88876E-02 -3.05194E-02  1.88618E-03  4.56442E-02  1.82938E-02  5.18989E-02  9.07233E-02  2.36400E-02 
-2.12831E-02 -2.29422E-02  4.36379E-02 -6.40567E-02  8.49918E-02  1.26185E-02  0.19102       14.000       1.0000     
 0.11522     -0.11427     -7.01222E-02 -2.95304E-02 -2.96929E-02 -4.53960E-03  7.34195E-02  8.42493E-03 -9.38205E-03 -3.27411E-02 
 9.77936E-03  0.11376      0.13186      6.55153E-02  4.99553E-02  1.26826E-02  0.19772       15.000       1.0000     
 0.10204     -0.10236     -7.28621E-02 -4.03990E-02 -0.12798     -1.30218E-02  3.44094E-02 -3.01949E-02 -3.63725E-02  1.31615E-02 
 1.84991E-03 -4.04102E-02  5.93433E-02 -0.11427     -1.95374E-02  1.26892E-02  0.19741       16.000       1.0000     
 0.10853     -0.11133     -7.04792E-02 -7.79111E-02  6.76996E-02 -7.74535E-03 -8.97815E-03  1.29620E-02 -5.01492E-03 -1.63612E-02 
-6.14899E-02 -7.73950E-02 -3.52052E-02 -7.85678E-02 -1.31770E-02  1.27922E-02  0.19355       17.000       1.0000     
 9.70916E-02 -0.11898     -7.45199E-02 -2.18083E-02  0.10248     -4.98613E-04 -5.35942E-02 -1.38616E-02 -6.92338E-02  0.10832     
 6.11690E-02  1.90706E-02 -2.18041E-02  4.28489E-02  3.24897E-02  1.26623E-02  0.19198       18.000       1.0000     
 9.27292E-02 -0.11695     -6.25172E-02  3.53815E-02  4.21890E-02 -7.05555E-05  2.22483E-02 -4.30168E-02  1.71821E-02 -1.39854E-03 
-3.78919E-02  2.80834E-02 -6.52872E-02  1.04213E-02  7.70005E-03  1.28002E-02  0.18278       19.000       1.0000     
 0.12143     -0.10615     -6.90704E-02  4.81853E-02  3.21404E-03  1.81743E-02 -4.73248E-02  1.49333E-03 -1.81459E-02 -6.75949E-03 
-3.65777E-02 -1.87010E-02 -2.13385E-02  6.40258E-02 -3.48990E-03  1.26402E-02  0.19350       20.000       1.0000     
 0.10956      7.40904E-02  7.62856E-02  1.97665E-02 -1.73185E-03  5.20280E-02  1.88045E-02 -2.85968E-02  2.50446E-02  3.40983E-02 
 8.75654E-03  5.84163E-02  3.60629E-02  1.37182E-02 -6.34061E-02  1.29220E-02  0.18111       21.000       1.0000     
 0.11339      9.37391E-02  7.59387E-02 -7.41621E-02  5.84693E-03 -1.96791E-02 -2.81446E-02  4.53990E-02 -6.26173E-02  1.85445E-02 
 6.65454E-02  3.28046E-03 -5.72653E-02  0.10534      3.55166E-02  1.28546E-02  0.18077       22.000       1.0000     
 0.11660      9.68306E-02  8.29989E-02  3.88467E-02 -5.80860E-02 -8.23650E-04 -2.62067E-02 -1.86902E-03 -4.75471E-02 -9.61413E-03 
-4.01616E-02 -1.79358E-02  1.18988E-02 -1.85466E-02 -4.93039E-03  1.29412E-02  0.18646       23.000       1.0000     
 0.10227      9.83757E-02  7.15804E-02  3.31161E-02 -2.18881E-02 -4.33798E-02  2.09890E-02  1.03792E-02 -6.44319E-02 -2.51390E-03 
 3.15103E-02  3.52243E-02 -8.62878E-03  7.86346E-03  3.27044E-02  1.30773E-02  0.17812       24.000       1.0000     
 0.11141      8.97468E-02  7.54629E-02  6.74124E-02 -1.24126E-02 -8.29856E-03 -7.24510E-02 -4.71004E-02  1.16638E-02  3.99201E-02 
 2.18287E-02  6.63261E-02  4.81419E-02 -4.65664E-02  3.71762E-02  1.30992E-02  0.18243       25.000       1.0000     
 0.12419      9.84311E-02  7.62096E-02 -5.84762E-02 -0.10334      2.80679E-02 -1.94032E-02 -7.35268E-03 -2.69607E-02  7.16066E-03 
 2.22039E-02  4.18025E-02  5.16351E-02 -5.62411E-02 -1.95351E-02  1.29887E-02  0.18541       26.000       1.0000     
 0.11348      7.58110E-02  0.10147     -5.03633E-02 -5.46663E-03 -1.06592E-02 -2.48524E-02  1.41562E-02 -6.75932E-02 -8.38601E-02 
-9.10400E-03 -0.10126      1.00981E-02  1.52189E-02  3.39458E-02  1.28155E-02  0.18654       27.000       1.0000     
 0.10397      8.63531E-02  7.47906E-02  5.09926E-04 -2.79088E-03 -2.18076E-02  7.18697E-02 -2.08467E-02  2.07942E-03  3.26066E-02 
-5.12504E-02  4.87085E-02 -7.10595E-02  4.83559E-02 -1.15522E-02  1.31511E-02  0.17343       28.000       1.0000     
 9.76398E-02  8.58177E-02  5.89108E-02 -5.88911E-03  6.68447E-02  4.68709E-02  2.17710E-02  5.29899E-02  3.69062E-02 -1.52179E-04 
 4.09676E-02 -0.10211      5.02210E-03 -6.16652E-02 -6.53990E-02  1.31046E-02  0.17230       29.000       1.0000     
 0.10638      8.72046E-02  8.16425E-02 -6.03017E-03  0.10921      1.01142E-02 -5.90202E-02 -9.08558E-03  3.72927E-02  2.87324E-02 
-3.39758E-02  5.90443E-02 -1.12436E-02 -3.77082E-02  4.30572E-02  1.29712E-02  0.18149       30.000       1.0000     
 0.10884     -0.10023      7.41335E-02 -3.52062E-02 -1.35958E-02 -8.51271E-03 -4.98307E-03  2.92706E-02 -5.27327E-02 -6.61642E-02 
 3.99281E-02  1.06493E-02 -4.94605E-03  7.83797E-02 -2.40202E-02  1.29367E-02  0.18275       31.000       1.0000     
 8.28232E-02 -9.49946E-02  7.78542E-02 -1.32099E-03  3.21221E-02  4.30572E-02 -7.89255E-02 -2.85344E-02  1.35225E-02  1.58337E-02 
 2.48848E-02  1.34054E-02 -1.42906E-02  1.79595E-02 -7.88376E-02  1.29808E-02  0.17654       32.000       1.0000     
 0.10480     -0.10558      7.52256E-02  6.00517E-02 -9.43901E-02  3.91898E-02 -6.27429E-02  9.91826E-02  2.65152E-02 -5.01391E-02 
-6.95723E-02  6.33278E-03 -1.10399E-02 -3.52768E-02 -1.08257E-02  1.29847E-02  0.18362       33.000       1.0000     
 8.84394E-02 -8.45451E-02  7.41952E-02 -9.32505E-03 -4.87727E-02  2.18431E-02 -8.67156E-04  7.71192E-02 -8.24633E-03 -9.39918E-04 
 4.11014E-02 -9.13878E-03 -7.38911E-02  1.88675E-02 -5.21120E-02  1.31447E-02  0.17282       34.000       1.0000     
 8.72103E-02 -0.10356      8.48961E-02  6.48620E-02  2.32229E-02 -2.22154E-02  8.38737E-03  7.11805E-02 -2.79374E-02 -1.30276E-02 
-3.84578E-02  7.05317E-02  7.13572E-02  4.29636E-02  1.22059E-02  1.30205E-02  0.17967       35.000       1.0000     
 0.10163     -0.10761      6.49230E-02 -5.18488E-02  3.75661E-02  2.13041E-02  4.07806E-02 -2.00131E-02  4.42732E-02 -1.86957E-02 
-9.52339E-03  1.28360E-02 -2.74609E-02 -4.27217E-02  2.29001E-02  1.30699E-02  0.17917       36.000       1.0000     
 9.25337E-02 -9.66383E-02  9.46238E-02  2.64000E-02 -3.75069E-02  4.22286E-02 -2.23397E-02  3.36145E-02  8.85223E-02 -2.63345E-02 
 1.48505E-02 -4.87465E-03 -1.12887E-02  4.20382E-02  1.15173E-02  1.30524E-02  0.17727       37.000       1.0000     
 8.29068E-02 -0.10451      9.51506E-02 -2.45799E-02  1.08694E-02 -7.24678E-02  1.34885E-02 -3.86569E-03 -1.35816E-03  8.21882E-03 
-1.76305E-02 -1.57835E-02 -3.27767E-02 -9.56289E-02 -1.02513E-02  1.29174E-02  0.18035       38.000       1.0000     
 7.89847E-02 -9.61264E-02  6.64359E-02 -3.27549E-02  3.86948E-03  5.55248E-02 -5.14759E-02  5.71072E-02  3.49728E-02 -8.03566E-02 
 8.67892E-03  1.11828E-02 -7.15887E-03 -1.37871E-02 -4.02568E-02  1.30709E-02  0.17209       39.000       1.0000     
 9.37015E-02 -9.85121E-02  8.86831E-02  6.92520E-02  9.17226E-02 -7.10553E-02  7.06553E-02 -5.68781E-02  1.61148E-02  1.62008E-02 
-6.36598E-03 -7.27966E-02  6.92466E-03 -3.46783E-02 -5.76801E-02  1.28751E-02  0.18890       40.000       1.0000     
-0.10825      0.12622     -9.75394E-02 -0.13772     -1.78442E-02 -3.96442E-02 -3.43620E-02  9.73727E-02  6.37322E-02  1.53086E-02 
-7.64825E-02  8.36088E-02 -1.00504E-02  4.95064E-02 -3.78084E-02  1.20699E-02  0.20984       41.000       1.0000     
-0.10524      0.12641     -7.62792E-02  0.14434      5.69175E-02  5.05920E-02  1.85764E-02  7.53722E-02 -3.56045E-02 -0.15649     
-3.98012E-03 -3.64575E-02  4.62548E-02 -0.11937      7.40607E-02  1.18401E-02  0.21879       42.000       1.0000     
-8.59249E-02  0.10596     -6.90697E-02  3.84558E-02 -5.57051E-02  0.14047     -2.90391E-03 -1.19348E-02  8.85525E-02 -8.03103E-02 
 3.64227E-02 -3.82255E-02  7.91086E-02  7.39326E-02  8.78877E-02  1.19439E-02  0.21050       43.000       1.0000     
-0.10235      0.11177     -8.05129E-02  1.97049E-02 -5.49982E-02 -2.18757E-02 -5.95156E-03 -8.41841E-02  9.22363E-02  1.93609E-02 
-0.10689     -9.98211E-03  6.03042E-02  3.20321E-02  6.17887E-02  1.20347E-02  0.20987       44.000       1.0000     
-0.10198      0.10994     -7.86438E-02 -7.28112E-02 -0.10759     -8.55266E-02  6.44127E-03  8.13456E-03  8.89486E-02  5.40578E-02 
 9.16565E-02 -5.17272E-02 -2.53057E-02 -1.81401E-02  3.03969E-02  1.20129E-02  0.21021       45.000       1.0000     
-8.77622E-02  0.13367     -0.10269     -1.75345E-02 -0.10513      0.11888     -1.07721E-02  2.59302E-02 -3.43526E-02  4.56042E-02 
-4.28443E-02 -6.04758E-02 -6.06588E-02 -6.53106E-02 -2.28129E-02  1.19690E-02  0.21251       46.000       1.0000     
-0.10264      0.10970     -8.18990E-02  2.43403E-02  5.68922E-02  5.56557E-02  3.10838E-02  6.25675E-02 -9.92416E-02  1.93462E-02 
 3.76333E-02  4.03984E-02 -5.09790E-02  1.08144E-02  7.57493E-03  1.22179E-02  0.20033       47.000       1.0000     
-0.10812      0.11373     -7.40426E-02  3.01505E-02  0.12349     -1.57688E-02 -2.40977E-02 -3.71131E-02 -7.20059E-02 -5.50005E-02 
 9.89826E-03  2.93761E-02  6.64980E-02  1.30148E-02 -0.16675      1.19626E-02  0.21097       48.000       1.0000     
-9.56605E-02  0.11421     -8.01640E-02 -5.04768E-02 -9.69219E-03 -5.59263E-02 -1.22715E-03  1.18431E-02 -5.26377E-02 -6.95591E-02 
-3.66432E-02 -4.65173E-02 -9.22573E-02 -1.89241E-02  4.18299E-02  1.19835E-02  0.21125       49.000       1.0000     
-0.10305      9.86329E-02 -9.27252E-02 -1.09276E-02  8.89538E-02  9.72373E-02 -0.11250      3.51009E-02  4.39112E-02 -4.35371E-04 
 3.97396E-02  3.97945E-02  5.57994E-02 -5.58863E-02 -4.21381E-02  1.19718E-02  0.21323       50.000       1.0000     
-0.11290     -0.10403     -9.15762E-02  0.10609     -4.70153E-02 -6.64969E-02 -6.27625E-02 -5.27374E-03  1.16499E-02 -5.37935E-02 
 4.94806E-02  7.08434E-02 -8.39475E-02 -2.00427E-02 -7.48367E-03  1.19901E-02  0.21459       51.000       1.0000     
-0.12076     -0.10475     -8.36673E-02  9.79088E-02 -6.74188E-02 -5.15019E-02  5.96578E-02  6.73482E-02 -9.10585E-02  7.67586E-02 
-3.34641E-02  4.72038E-03 -3.76394E-02 -1.58756E-02  1.91268E-02  1.19575E-02  0.21529       52.000       1.0000     
-0.10959     -8.85491E-02 -9.62415E-02 -6.83039E-02 -2.40107E-02  5.77086E-03 -2.59464E-02 -8.32542E-02 -0.10055     -3.83230E-02 
-3.65063E-03 -2.82332E-02  2.76434E-04 -1.19865E-02 -3.99184E-02  1.20566E-02  0.20349       53.000       1.0000     
-0.11751     -9.45189E-02 -0.10782     -3.36799E-02 -5.06027E-02 -0.10224     -2.28350E-02 -3.72335E-02 -1.04892E-02 -4.51719E-02 
-2.25703E-02  7.62590E-02  9.09587E-02 -5.26868E-02 -0.12568      1.20323E-02  0.21477       54.000       1.0000     
-0.12042     -9.59869E-02 -9.76264E-02  3.61453E-02  2.94544E-02 -0.10530     -2.58736E-02 -1.35775E-02  0.12287      7.89629E-02 
 5.34437E-02 -1.77349E-02  4.77545E-02  2.21744E-02 -3.09963E-02  1.20007E-02  0.21663       55.000       1.0000     
-0.11296     -0.10049     -8.37351E-02  1.71260E-02  2.56323E-03  4.17143E-02 -0.11014      9.29174E-02  1.47825E-02  7.32084E-02 
 7.06242E-02  6.23498E-02 -0.10040     -4.38162E-02 -2.71807E-02  1.20532E-02  0.21201       56.000       1.0000     
-0.11044     -9.63097E-02 -7.97873E-02 -5.80280E-02  3.16760E-02  5.02982E-02 -2.27920E-02 -2.48215E-02 -0.10423     -7.12911E-03 
-4.10074E-02 -5.19466E-02 -3.90488E-02  0.12575      6.28661E-02  1.22166E-02  0.20582       57.000       1.0000     
-0.11131     -0.10546     -8.37088E-02  1.58929E-02 -4.19126E-03  4.99183E-02  6.63646E-02 -4.59415E-02  8.99861E-02 -7.13124E-02 
 0.10358     -5.77592E-02 -4.80180E-02  2.27723E-02 -1.24767E-02  1.18874E-02  0.22134       58.000       1.0000     
-0.11507     -0.11744     -8.02096E-02 -2.45776E-02  7.64623E-02 -5.12238E-02 -6.24993E-02  3.58826E-02  1.09996E-02 -5.59652E-02 
-1.96842E-02 -2.55354E-02  1.49312E-02  4.61912E-02  9.65425E-02  1.21577E-02  0.20715       59.000       1.0000     
-0.12938     -9.70274E-02 -7.39713E-02  1.91095E-03  7.60415E-02  6.68789E-02  0.16138      0.12227     -2.37229E-02  6.20426E-02 
-7.79706E-02  5.36779E-02  3.78880E-02  1.00846E-02 -7.93241E-02  1.19782E-02  0.21798       60.000       1.0000     
-0.11119      0.11796      6.96117E-02 -2.54774E-02 -5.94097E-02  5.65903E-02 -7.14912E-02 -0.13316     -3.29359E-02 -5.99807E-02 
 8.76768E-02 -2.22083E-02 -3.99217E-02 -2.69137E-02 -2.92627E-02  1.24197E-02  0.20339       61.000       1.0000     
-0.11216      0.12077      7.27486E-02  3.91184E-02  5.04452E-02  6.38876E-02 -3.65332E-02  2.30183E-02 -7.37834E-03 -1.90826E-02 
-6.46771E-02  6.74449E-02  2.21388E-03  2.55225E-03  4.25469E-02  1.23096E-02  0.20670       62.000       1.0000     
-0.11229      0.12813      8.78686E-02  7.15178E-03 -1.51820E-02 -5.39488E-02  3.55361E-02  1.61866E-02  6.06405E-02  7.13183E-02 
-6.08781E-03 -5.77456E-02  2.80531E-02 -1.55475E-02 -4.85172E-02  1.23011E-02  0.20602       63.000       1.0000     
-0.11408      0.11148      6.41451E-02  5.91434E-03  2.65038E-02 -4.11615E-02  4.75211E-02 -5.29308E-03  3.57859E-02 -1.37438E-02 
-0.13933      8.82223E-02 -4.10586E-02 -5.83269E-02  2.71380E-02  1.22361E-02  0.20374       64.000       1.0000     
-0.10866      0.11843      6.50376E-02  2.17590E-02 -3.05902E-02  7.58352E-02  0.16795      2.11670E-02 -2.04548E-02  9.66285E-02 
 7.81837E-02 -4.76387E-03 -9.04564E-02 -5.25442E-02 -2.48439E-02  1.21408E-02  0.21175       65.000       1.0000     
-0.12292      0.10727      7.03349E-02  9.68583E-03 -5.77111E-02 -3.54401E-02 -5.10982E-02  1.88665E-04 -5.87492E-02  8.01985E-02 
 1.51825E-02 -3.64728E-02  6.69695E-02  5.47006E-02  1.30633E-03  1.22602E-02  0.20372       66.000       1.0000     
-0.11190      0.11701      7.25744E-02  2.42649E-02  6.14704E-04 -8.02419E-02  9.66639E-02 -1.91693E-03  1.74203E-02 -9.15971E-02 
 7.81204E-02  0.10910     -6.94440E-02 -2.12215E-02  6.01601E-02  1.21238E-02  0.21245       67.000       1.0000     
-9.96144E-02  0.11383      9.14413E-02  6.35346E-02  1.33102E-02 -3.89642E-02 -5.00130E-02  6.93076E-02 -7.13086E-02  3.08317E-02 
 3.77689E-02 -7.98179E-02  7.79243E-02  4.41235E-02 -7.86725E-02  1.23458E-02  0.20956       68.000       1.0000     
-0.10833      0.11101      7.26787E-02 -9.75842E-02  5.60558E-02  2.70948E-02  3.26189E-02 -2.04494E-02  5.18681E-02 -5.80553E-02 
 8.45161E-04  1.37825E-03 -2.18216E-02  2.96498E-02 -1.34308E-02  1.23096E-02  0.19728       69.000       1.0000     
-0.11056      0.10777      8.05864E-02  3.75035E-02  5.55028E-02  1.15649E-02 -3.56675E-03 -9.19708E-02 -1.42090E-02 -3.19547E-03 
-4.06001E-02 -9.78748E-03  5.55843E-02 -1.15971E-02  9.09470E-02  1.23139E-02  0.19806       70.000       1.0000     
-0.13147     -9.02135E-02  7.97817E-02 -8.55925E-02  4.79775E-02  2.01607E-02  4.58112E-02 -1.36795E-02  7.77643E-03  5.32896E-02 
-3.05173E-02 -5.56727E-02 -3.94197E-02 -3.63970E-02  4.37465E-02  1.23151E-02  0.20212       71.000       1.0000     
-0.12976     -8.16634E-02  8.06827E-02 -0.11428     -5.00371E-02 -6.31707E-02  7.48546E-02  7.04129E-02  5.98461E-03 -0.10723     
 9.87840E-02  3.43009E-02  9.52325E-02  4.05454E-02 -2.28807E-02  1.23412E-02  0.20556       72.000       1.0000     
-0.13585     -9.95221E-02  7.66850E-02  1.85544E-02  5.83544E-02  9.68050E-02  1.17956E-02 -6.64804E-02  2.28620E-02  4.88699E-02 
 4.64277E-02 -5.66071E-02  9.04714E-02  3.79228E-02  2.71047E-03  1.22823E-02  0.20860       73.000       1.0000     
-0.12902     -9.86829E-02  7.58123E-02 -5.25778E-02 -1.58687E-02  1.66818E-02 -0.11349      1.07563E-02 -6.26850E-02  1.62963E-02 
-4.90389E-02  3.42413E-02 -4.16609E-02 -6.50728E-02  9.19152E-02  1.22639E-02  0.20102       74.000       1.0000     
-0.11791     -9.78440E-02  7.05247E-02 -6.90116E-02 -1.17384E-02 -8.80643E-02 -3.31836E-02 -3.45293E-02 -6.95268E-02  7.38233E-02 
-3.52619E-02 -3.77345E-02  7.90083E-02 -3.54598E-02  8.73077E-02  1.21941E-02  0.20695       75.000       1.0000     
-0.12582     -0.10328      9.69881E-02  1.06374E-02  4.30398E-02  1.09584E-03  8.05463E-02 -3.19745E-02  4.58522E-02  6.90954E-02 
 2.96176E-03  4.73678E-03 -6.11392E-03  5.61434E-03  5.41482E-02  1.23583E-02  0.20697       76.000       1.0000     
-0.13093     -9.93169E-02  7.65317E-02  4.88321E-02 -0.10821      4.51898E-02 -3.48222E-02  3.55045E-02  8.99326E-02  8.58460E-02 
-4.22253E-02 -1.20733E-02  2.32695E-02  0.12161     -8.83021E-03  1.21621E-02  0.21156       77.000       1.0000     
-0.11066     -0.10826      7.51060E-02  0.13564     -2.07320E-02 -8.51864E-02 -3.99382E-02  5.40792E-02  5.77220E-02 -8.37155E-02 
-2.84249E-02 -6.91988E-02 -9.18354E-02  5.63200E-02 -1.75683E-02  1.24074E-02  0.20109       78.000       1.0000     
-0.12243     -0.10591      5.03711E-02  7.84135E-03 -1.73253E-02 -3.80107E-03  1.95921E-02 -9.16237E-02 -1.06374E-02 -2.76050E-02 
 3.24802E-02  3.16037E-02  2.17777E-03 -5.86593E-02 -6.87277E-02  1.23255E-02  0.19590       79.000       1.0000     
-0.12685     -0.10910      8.04164E-02 -3.76353E-02  1.63800E-03 -8.35229E-03 -1.15187E-02 -0.10340     -4.91453E-02 -1.22142E-02 
-7.45008E-02  1.21580E-02 -3.01289E-02  9.68979E-03 -5.60875E-02  1.21931E-02  0.20671       80.000       1.0000     
