        80         8        64        64        80         0
-6.58142E-03 -5.31491E-03  7.82844E-04  4.52739E-03 -4.15812E-04 -5.99107E-04  1.48257E-03  1.06917E-03   0.0000       0.0000     
  1.0000       1.0000     
-3.27362E-03  2.10417E-03  3.87647E-04  1.92548E-03  1.75892E-03 -1.37555E-03  4.90033E-04  4.87272E-04   0.0000       0.0000     
  2.0000       1.0000     
 3.05470E-03  1.67694E-03  1.84223E-03 -3.83496E-03 -8.52768E-04  2.68462E-03 -6.44843E-04  2.32852E-03   0.0000       0.0000     
  3.0000       1.0000     
 2.03151E-03  3.14860E-03 -9.41735E-04 -2.65115E-04 -5.27619E-03  4.23747E-03  6.35004E-04  4.60203E-04   0.0000       0.0000     
  4.0000       1.0000     
-6.10937E-03  1.98994E-03  1.66041E-03 -1.05762E-03 -5.00821E-03  8.45332E-04 -1.70325E-03  6.29974E-04   0.0000       0.0000     
  5.0000       1.0000     
-3.76442E-03  4.97979E-03 -3.57853E-03 -7.23513E-04 -1.48865E-03 -1.82529E-04  8.10352E-04 -2.08631E-03   0.0000       0.0000     
  6.0000       1.0000     
-2.93118E-03  3.03195E-03 -2.85470E-03 -4.87668E-03  3.33888E-03 -2.47343E-03 -1.20236E-03  2.70929E-03   0.0000       0.0000     
  7.0000       1.0000     
-4.94611E-03  3.80147E-03 -4.12492E-03  2.40392E-03 -2.06209E-03  3.75718E-03 -6.10428E-04  1.56067E-03   0.0000       0.0000     
  8.0000       1.0000     
-5.99945E-03  3.18350E-03  1.67083E-03  4.27943E-03 -2.06765E-03  8.53908E-04 -1.67584E-03  2.39218E-03   0.0000       0.0000     
  9.0000       1.0000     
-5.49845E-03 -2.15274E-03 -1.85838E-03  1.51133E-03  3.98654E-04  1.13192E-03 -9.55860E-04  1.85793E-03   0.0000       0.0000     
  10.000       1.0000     
-9.16397E-04 -8.94094E-04  1.55481E-04  6.12525E-03 -2.09325E-03  3.75661E-03  2.53207E-03  3.93560E-05   0.0000       0.0000     
  11.000       1.0000     
-5.22764E-03  2.19271E-03 -1.27801E-03  4.11586E-03  8.75422E-04  2.16141E-03  6.17727E-03 -1.91363E-04   0.0000       0.0000     
  12.000       1.0000     
-1.81660E-03 -6.43172E-03 -1.32141E-03 -5.15490E-03  1.12384E-03  3.51717E-03  2.17962E-04  3.06137E-03   0.0000       0.0000     
  13.000       1.0000     
 1.45585E-03  2.98027E-03 -2.29855E-03  2.26172E-04  2.22236E-03 -1.26164E-03  1.50964E-03  1.31721E-03   0.0000       0.0000     
  14.000       1.0000     
-4.18138E-03  2.71251E-03 -2.75772E-03  2.19345E-03 -2.55937E-03 -3.41536E-03  2.78246E-03 -2.27851E-04   0.0000       0.0000     
  15.000       1.0000     
-1.88287E-03  8.96345E-04  4.56818E-03 -3.55449E-03 -3.55897E-03  3.07739E-03 -2.35245E-03  1.80451E-03   0.0000       0.0000     
  16.000       1.0000     
-8.16511E-03 -3.96007E-03  1.02004E-03 -4.25294E-03 -9.80381E-04  6.16032E-03 -4.84000E-03  8.43547E-04   0.0000       0.0000     
  17.000       1.0000     
-2.04332E-03 -1.00924E-03 -2.04070E-03 -2.55508E-03 -7.71946E-04  1.70088E-03  3.00089E-04  7.01342E-04   0.0000       0.0000     
  18.000       1.0000     
 6.81523E-03  1.87989E-03  1.01050E-03  1.65002E-03 -1.42212E-03  4.41341E-03 -2.67336E-03  4.34901E-03   0.0000       0.0000     
  19.000       1.0000     
 4.62559E-04  7.12669E-03 -8.77166E-04  1.51302E-03 -2.62255E-03  3.09406E-03 -1.21026E-03  9.55755E-04   0.0000       0.0000     
  20.000       1.0000     
-7.04928E-04  3.85671E-03 -2.72735E-03  7.26446E-04  3.74361E-03  4.56390E-03  1.26580E-03  1.50108E-03   0.0000       0.0000     
  21.000       1.0000     
-3.04794E-03  1.18126E-02 -3.17628E-03  1.52320E-03 -3.49329E-04 -4.17328E-04  2.93697E-03  2.36340E-03   0.0000       0.0000     
  22.000       1.0000     
-2.89939E-03 -2.86332E-04 -6.85527E-03  5.98332E-03  1.77888E-03  1.88518E-03  1.14572E-03  4.28049E-03   0.0000       0.0000     
  23.000       1.0000     
 1.04023E-03  8.02045E-04 -5.96204E-04  1.59906E-03  1.00963E-03  3.55235E-03  1.83883E-03  1.69783E-03   0.0000       0.0000     
  24.000       1.0000     
-6.97664E-03  6.26698E-04 -4.58134E-03  1.16677E-03 -6.48957E-03 -7.46467E-04 -1.91315E-03 -6.08662E-04   0.0000       0.0000     
  25.000       1.0000     
-5.50073E-03  2.75575E-03 -9.86506E-04  2.43113E-03  8.90649E-04 -2.82316E-03 -1.87648E-03  3.13619E-03   0.0000       0.0000     
  26.000       1.0000     
-9.25130E-03  2.86511E-03 -9.26390E-06 -1.11076E-03 -3.37282E-03  2.11413E-03  1.87090E-04 -5.95172E-04   0.0000       0.0000     
  27.000       1.0000     
-8.70011E-03  2.27463E-03 -7.11274E-03  6.46750E-03  4.56421E-04  4.41074E-03  4.69461E-03  2.78011E-03   0.0000       0.0000     
  28.000       1.0000     
 1.52807E-03  2.18861E-03 -1.52192E-03  6.94726E-04  2.11596E-03 -2.29949E-04 -8.42411E-04  1.61905E-03   0.0000       0.0000     
  29.000       1.0000     
-5.93562E-03 -1.87632E-05  2.90578E-03  7.44587E-03 -6.82186E-04 -1.73608E-03  3.11304E-03  4.41856E-04   0.0000       0.0000     
  30.000       1.0000     
-5.25176E-03  7.71267E-04  3.24661E-04  4.64252E-04  1.89032E-03 -2.00247E-03  3.68618E-03  2.38749E-03   0.0000       0.0000     
  31.000       1.0000     
-1.50753E-03  5.33820E-04  7.67362E-04 -3.05655E-03 -5.43195E-04 -3.63003E-03 -3.03624E-03  1.77053E-03   0.0000       0.0000     
  32.000       1.0000     
-4.53443E-03 -2.31264E-03 -1.63298E-03 -1.55281E-04 -8.01172E-04  7.35759E-04 -1.27083E-03  3.32213E-05   0.0000       0.0000     
  33.000       1.0000     
 7.30248E-04  3.12837E-03 -7.72573E-03  2.60813E-03 -3.03491E-03  5.38595E-03  4.28882E-03 -1.97498E-06   0.0000       0.0000     
  34.000       1.0000     
-7.42331E-03  7.01175E-04  7.00224E-04 -5.20146E-03 -2.84373E-03  2.62084E-03  1.28014E-04  5.11395E-04   0.0000       0.0000     
  35.000       1.0000     
 1.59524E-03  5.02978E-03  1.02755E-05  2.66167E-03 -1.59520E-03  1.10846E-03  4.02217E-03  2.43952E-04   0.0000       0.0000     
  36.000       1.0000     
-9.38563E-04 -3.12987E-03  1.57343E-03  1.35076E-03  1.25609E-03  4.89689E-03 -2.36671E-03  1.35352E-04   0.0000       0.0000     
  37.000       1.0000     
-4.48934E-03  4.06704E-03  2.78321E-03  2.73058E-03  2.49490E-03 -9.76514E-04  3.74355E-03  1.61557E-03   0.0000       0.0000     
  38.000       1.0000     
-3.19285E-04  4.31726E-03  4.84476E-03  6.69791E-03  3.02005E-03  3.75560E-03 -1.46664E-04  2.28062E-03   0.0000       0.0000     
  39.000       1.0000     
-6.80774E-04  6.85532E-04 -1.02074E-03  8.43856E-04  2.11015E-03  3.79336E-04  8.68468E-07  1.57851E-03   0.0000       0.0000     
  40.000       1.0000     
-2.12396E-03  5.89586E-03 -6.41880E-05 -3.21035E-03 -3.36852E-03  5.22013E-03 -4.26409E-03  2.63739E-03   0.0000       0.0000     
  41.000       1.0000     
 7.13089E-03  3.81164E-04 -2.58152E-03 -1.19482E-03 -1.21619E-03 -3.11222E-03  7.24342E-04 -1.02596E-03   0.0000       0.0000     
  42.000       1.0000     
-3.45072E-03  5.59789E-03 -7.71248E-03  2.38703E-03  2.95429E-03  9.83469E-04  1.90431E-03  1.47620E-03   0.0000       0.0000     
  43.000       1.0000     
-4.87686E-03  1.66150E-03 -7.63046E-04  1.80117E-03 -3.67701E-04 -2.14394E-03  3.13482E-03  1.61680E-03   0.0000       0.0000     
  44.000       1.0000     
-1.46986E-03 -1.29167E-03 -1.97285E-03  3.14098E-04  2.28361E-03  1.59324E-03  1.03080E-03 -2.03227E-03   0.0000       0.0000     
  45.000       1.0000     
-3.75343E-03  8.64316E-04 -1.33036E-03 -1.99630E-04  6.34880E-03 -4.45857E-03 -4.60856E-03  8.49932E-04   0.0000       0.0000     
  46.000       1.0000     
-1.49544E-03 -5.44125E-04 -1.74900E-03  1.02647E-03 -4.12892E-03  9.66803E-04  1.29442E-03  6.71785E-04   0.0000       0.0000     
  47.000       1.0000     
-4.04638E-03 -2.20696E-03 -3.37881E-03 -3.45734E-03 -5.51000E-04 -5.66040E-04 -1.85010E-03  6.10978E-04   0.0000       0.0000     
  48.000       1.0000     
 1.28377E-03  3.90959E-03 -4.41832E-03  2.76847E-03  4.61999E-04  1.27488E-03 -5.01850E-03 -3.30003E-04   0.0000       0.0000     
  49.000       1.0000     
-1.18236E-03  3.00101E-03  4.30764E-03 -5.30790E-04 -6.59693E-03  3.45147E-03 -7.53509E-04 -1.06131E-03   0.0000       0.0000     
  50.000       1.0000     
-4.60988E-03 -4.81589E-04  8.87508E-05  7.89212E-05 -2.07306E-03  3.57259E-03  2.21548E-03 -1.55332E-03   0.0000       0.0000     
  51.000       1.0000     
-5.26579E-04  9.35668E-03 -1.05687E-04  1.83512E-03 -3.49897E-03  2.04388E-04 -1.50761E-03 -2.55509E-03   0.0000       0.0000     
  52.000       1.0000     
 3.36471E-03  6.98633E-03 -7.09311E-03 -3.85711E-03  6.19306E-03  4.71694E-03 -1.72296E-05 -1.47312E-03   0.0000       0.0000     
  53.000       1.0000     
-7.03589E-03  2.33375E-03 -4.29643E-03 -3.31035E-03 -2.46075E-03  7.53171E-04  2.85289E-03 -1.45944E-04   0.0000       0.0000     
  54.000       1.0000     
-7.55893E-03  6.83982E-03 -1.40517E-03 -2.41561E-03 -3.57839E-03  6.35714E-03 -2.90580E-03  2.31370E-04   0.0000       0.0000     
  55.000       1.0000     
 1.34666E-03  1.94405E-03 -3.36655E-03  2.39308E-05  9.81721E-05  3.37011E-03  7.53970E-05  8.47338E-05   0.0000       0.0000     
  56.000       1.0000     
-6.50753E-03  7.60216E-03  2.75589E-03 -1.70178E-03 -1.23429E-03  2.30865E-04 -1.12058E-03  2.48004E-03   0.0000       0.0000     
  57.000       1.0000     
-4.75789E-03  3.37504E-03  3.50658E-03  2.52931E-03 -2.89114E-04  1.16848E-03 -1.19117E-03 -1.28819E-03   0.0000       0.0000     
  58.000       1.0000     
-6.93539E-03  3.06116E-03 -5.91078E-03  3.66860E-03  1.56394E-03 -4.00451E-03  1.47042E-03  1.39828E-03   0.0000       0.0000     
  59.000       1.0000     
-1.94870E-03 -3.67028E-04 -2.96513E-03  2.97005E-03 -1.64418E-03  1.79307E-03 -1.13119E-03  4.17746E-04   0.0000       0.0000     
  60.000       1.0000     
-1.83392E-03 -6.18121E-04 -1.61820E-03  5.62030E-03  1.17848E-03  5.63084E-04 -3.55393E-03 -2.44146E-04   0.0000       0.0000     
  61.000       0.0000     
-7.98144E-03 -2.87773E-03 -1.57260E-03 -1.73015E-03 -3.68879E-03 -1.61497E-03 -2.57192E-03 -1.11270E-03   0.0000       0.0000     
  62.000       0.0000     
-7.10754E-03  2.51931E-03  1.14457E-03  1.37045E-03  1.12401E-03 -2.83022E-03  2.52988E-03 -2.73268E-03   0.0000       0.0000     
  63.000       0.0000     
 2.07325E-03  2.70735E-03 -1.55983E-03  1.39248E-04  2.26166E-03  7.77815E-04  3.24696E-03 -3.54956E-04   0.0000       0.0000     
  64.000       0.0000     
-1.75376E-03  3.31151E-06 -1.82749E-03 -3.20741E-03  3.43505E-03  2.76513E-03  1.79212E-03  1.53650E-05   0.0000       0.0000     
  65.000       0.0000     
 4.63265E-03 -2.84262E-03  2.88683E-03 -8.96875E-04 -1.12431E-03  2.54485E-03  1.05335E-03 -1.26206E-04   0.0000       0.0000     
  66.000       0.0000     
 6.69932E-05  3.63746E-03 -5.01611E-03 -3.92121E-04  1.64125E-03  3.58653E-03 -5.84610E-04 -1.41917E-03   0.0000       0.0000     
  67.000       0.0000     
-6.25951E-03  1.58578E-03  1.38348E-03  2.28954E-03 -2.34765E-03  1.43741E-03 -1.14189E-03 -1.13407E-03   0.0000       0.0000     
  68.000       0.0000     
-2.95810E-03  7.42525E-03  3.08142E-03 -2.37868E-03 -3.20978E-03 -2.53033E-03 -2.49685E-03 -1.00902E-03   0.0000       0.0000     
  69.000       0.0000     
 5.29344E-03  3.71046E-03 -8.81638E-04 -6.76831E-04  2.70789E-03 -2.23419E-04 -1.16912E-03  2.02904E-03   0.0000       0.0000     
  70.000       0.0000     
-2.30701E-03 -2.36383E-03  3.54472E-03  3.87604E-03  1.46923E-03  6.44771E-04  3.50140E-03 -3.27407E-03   0.0000       0.0000     
  71.000       0.0000     
-1.38530E-02  8.24713E-03 -1.94680E-03  2.64311E-04 -2.58976E-04  4.22572E-04  3.02077E-03 -2.33942E-03   0.0000       0.0000     
  72.000       0.0000     
 2.10446E-04  6.79629E-04  4.81288E-03  6.05084E-03 -3.40427E-03  4.96824E-03 -3.90379E-03 -2.13791E-03   0.0000       0.0000     
  73.000       0.0000     
-4.26105E-03  3.53107E-03 -5.98440E-03  3.22603E-03  3.23821E-03  1.04357E-03 -1.08937E-03 -3.44492E-03   0.0000       0.0000     
  74.000       0.0000     
-4.85254E-03  9.24806E-04  5.29684E-03  9.09203E-04  1.05411E-03  2.91489E-03 -4.78080E-04  1.69462E-03   0.0000       0.0000     
  75.000       0.0000     
 2.41594E-03  5.22074E-03 -6.86430E-04  5.23429E-03 -2.64192E-03  2.76566E-03 -1.41944E-04  2.44293E-03   0.0000       0.0000     
  76.000       0.0000     
 1.00263E-03  5.86280E-03 -7.48468E-03  1.03519E-03  4.46397E-03  6.76162E-03  1.44897E-03 -5.01728E-04   0.0000       0.0000     
  77.000       0.0000     
-3.01080E-03  6.24030E-03  2.14999E-03 -3.59981E-03 -1.31979E-03  1.29913E-03 -1.61853E-03  2.46299E-03   0.0000       0.0000     
  78.000       0.0000     
-1.28858E-05  7.58187E-03 -4.12317E-03 -1.50934E-03 -1.03078E-02  2.02516E-03 -5.92020E-03  4.47998E-04   0.0000       0.0000     
  79.000       0.0000     
-4.66216E-03  7.10670E-04  2.10962E-03  1.28023E-03 -4.12700E-03 -7.23559E-04 -6.61668E-04 -7.74751E-04   0.0000       0.0000     
  80.000       0.0000     
