 ;        NORM-FREQ      ANGST         FSC      |SQRT(FSC)| |SQRT(2FSC/(FSC+1))|
    3 5  1.111111E-02   360.000      0.999927      0.999964      0.999982     
    4 5  1.666667E-02   240.000      0.999907      0.999953      0.999977     
    5 5  2.222222E-02   180.000      0.998867      0.999433      0.999717     
    6 5  2.777778E-02   144.000      0.994372      0.997182      0.998588     
    7 5  3.333334E-02   120.000      0.998141      0.999070      0.999535     
    8 5  3.888889E-02   102.857      0.996270      0.998133      0.999065     
    9 5  4.444445E-02   90.0000      0.995120      0.997557      0.998776     
   10 5  5.000000E-02   80.0000      0.994275      0.997133      0.998564     
   11 5  5.555556E-02   72.0000      0.991369      0.995675      0.997831     
   12 5  6.111111E-02   65.4545      0.982962      0.991444      0.995695     
   13 5  6.666667E-02   60.0000      0.988352      0.994159      0.997067     
   14 5  7.222223E-02   55.3846      0.983984      0.991960      0.995956     
   15 5  7.777778E-02   51.4286      0.987362      0.993661      0.996815     
   16 5  8.333334E-02   48.0000      0.991426      0.995704      0.997845     
   17 5  8.888889E-02   45.0000      0.989522      0.994747      0.997363     
   18 5  9.444445E-02   42.3529      0.988868      0.994418      0.997197     
   19 5  0.100000       40.0000      0.992387      0.996186      0.998088     
   20 5  0.105556       37.8947      0.993019      0.996503      0.998247     
   21 5  0.111111       36.0000      0.991461      0.995721      0.997854     
   22 5  0.116667       34.2857      0.991976      0.995980      0.997984     
   23 5  0.122222       32.7273      0.989210      0.994591      0.997284     
   24 5  0.127778       31.3043      0.987330      0.993645      0.996807     
   25 5  0.133333       30.0000      0.986991      0.993474      0.996721     
   26 5  0.138889       28.8000      0.984245      0.992091      0.996022     
   27 5  0.144444       27.6923      0.978697      0.989291      0.994602     
   28 5  0.150000       26.6667      0.967689      0.983712      0.991756     
   29 5  0.155556       25.7143      0.947020      0.973150      0.986301     
   30 5  0.161111       24.8276      0.931809      0.965303      0.982192     
   31 5  0.166667       24.0000      0.902158      0.949820      0.973942     
   32 5  0.172222       23.2258      0.859156      0.926906      0.961375     
   33 5  0.177778       22.5000      0.807796      0.898775      0.945347     
   34 5  0.183333       21.8182      0.791863      0.889867      0.940129     
   35 5  0.188889       21.1765      0.824923      0.908253      0.950823     
   36 5  0.194444       20.5714      0.827688      0.909774      0.951694     
   37 5  0.200000       20.0000      0.851424      0.922726      0.959036     
   38 5  0.205556       19.4595      0.847532      0.920615      0.957849     
   39 5  0.211111       18.9474      0.817070      0.903919      0.948328     
   40 5  0.216667       18.4615      0.797720      0.893152      0.942061     
   41 5  0.222222       18.0000      0.749226      0.865579      0.925547     
   42 5  0.227778       17.5610      0.734098      0.856795      0.920143     
   43 5  0.233333       17.1429      0.703052      0.838482      0.908646     
   44 5  0.238889       16.7442      0.693766      0.832926      0.905096     
   45 5  0.244444       16.3636      0.677598      0.823163      0.898788     
   46 5  0.250000       16.0000      0.633591      0.795984      0.880740     
   47 5  0.255556       15.6522      0.597636      0.773069      0.864957     
   48 5  0.261111       15.3191      0.583610      0.763944      0.858524     
   49 5  0.266667       15.0000      0.543766      0.737405      0.839325     
   50 5  0.272222       14.6939      0.513237      0.716406      0.823608     
   51 5  0.277778       14.4000      0.497508      0.705343      0.815137     
   52 5  0.283333       14.1176      0.469183      0.684969      0.799186     
   53 5  0.288889       13.8462      0.420137      0.648180      0.769211     
   54 5  0.294444       13.5849      0.397219      0.630253      0.754046     
   55 5  0.300000       13.3333      0.383336      0.619141      0.744459     
   56 5  0.305556       13.0909      0.368828      0.607312      0.734095     
   57 5  0.311111       12.8571      0.327040      0.571874      0.702058     
   58 5  0.316667       12.6316      0.328576      0.573216      0.703299     
   59 5  0.322222       12.4138      0.335902      0.579570      0.709143     
   60 5  0.327778       12.2034      0.324016      0.569224      0.699603     
   61 5  0.333333       12.0000      0.310538      0.557259      0.688411     
   62 5  0.338889       11.8033      0.300377      0.548067      0.679695     
   63 5  0.344444       11.6129      0.309477      0.556307      0.687512     
   64 5  0.350000       11.4286      0.270855      0.520437      0.652883     
   65 5  0.355556       11.2500      0.252875      0.502867      0.635352     
   66 5  0.361111       11.0769      0.279248      0.528439      0.660743     
   67 5  0.366667       10.9091      0.231074      0.480702      0.612701     
   68 5  0.372222       10.7463      0.226214      0.475620      0.607424     
   69 5  0.377778       10.5882      0.223642      0.472908      0.604595     
   70 5  0.383333       10.4348      0.208566      0.456690      0.587491     
   71 5  0.388889       10.2857      0.206278      0.454178      0.584814     
   72 5  0.394444       10.1408      0.201375      0.448748      0.578999     
   73 5  0.400000       10.0000      0.187155      0.432614      0.561516     
   74 5  0.405556       9.86301      0.163866      0.404804      0.530650     
   75 5  0.411111       9.72973      0.179750      0.423970      0.552020     
   76 5  0.416667       9.60000      0.173834      0.416935      0.544226     
   77 5  0.422222       9.47368      0.142845      0.377949      0.499982     
   78 5  0.427778       9.35065      0.124349      0.352632      0.470312     
   79 5  0.433333       9.23077      0.128166      0.358003      0.476667     
   80 5  0.438889       9.11392      0.114284      0.338059      0.452907     
   81 5  0.444444       9.00000      0.103810      0.322195      0.433697     
   82 5  0.450000       8.88889      0.117495      0.342775      0.458566     
   83 5  0.455556       8.78049      0.103030      0.320983      0.432219     
   84 5  0.461111       8.67470      0.119780      0.346093      0.462532     
   85 5  0.466667       8.57143      9.904817E-02  0.314719      0.424551     
   86 5  0.472222       8.47059      0.102381      0.319970      0.430981     
   87 5  0.477778       8.37209      6.997085E-02  0.264520      0.361649     
   88 5  0.483333       8.27586      5.545320E-02  0.235485      0.324160     
   89 5  0.488889       8.18182      8.165042E-02  0.285745      0.388553     
   90 5  0.494444       8.08989      6.571562E-02  0.256351      0.351179     
   91 5  0.500000       8.00000      6.108992E-02  0.247164      0.339331     
