 ;        NORM-FREQ      ANGST         FSC      |SQRT(FSC)| |SQRT(2FSC/(FSC+1))|
    3 5  1.111111E-02   360.000      0.999973      0.999986      0.999993     
    4 5  1.666667E-02   240.000      0.999955      0.999977      0.999989     
    5 5  2.222222E-02   180.000      0.999265      0.999632      0.999816     
    6 5  2.777778E-02   144.000      0.996552      0.998275      0.999136     
    7 5  3.333334E-02   120.000      0.998606      0.999303      0.999651     
    8 5  3.888889E-02   102.857      0.997492      0.998745      0.999372     
    9 5  4.444445E-02   90.0000      0.995828      0.997912      0.998954     
   10 5  5.000000E-02   80.0000      0.995743      0.997869      0.998933     
   11 5  5.555556E-02   72.0000      0.994664      0.997329      0.998662     
   12 5  6.111111E-02   65.4545      0.990665      0.995321      0.997653     
   13 5  6.666667E-02   60.0000      0.991753      0.995868      0.997928     
   14 5  7.222223E-02   55.3846      0.989387      0.994679      0.997329     
   15 5  7.777778E-02   51.4286      0.991677      0.995830      0.997908     
   16 5  8.333334E-02   48.0000      0.994529      0.997261      0.998628     
   17 5  8.888889E-02   45.0000      0.992762      0.996374      0.998182     
   18 5  9.444445E-02   42.3529      0.992850      0.996418      0.998204     
   19 5  0.100000       40.0000      0.994891      0.997442      0.998719     
   20 5  0.105556       37.8947      0.995286      0.997640      0.998818     
   21 5  0.111111       36.0000      0.994420      0.997206      0.998600     
   22 5  0.116667       34.2857      0.994737      0.997365      0.998680     
   23 5  0.122222       32.7273      0.992868      0.996428      0.998209     
   24 5  0.127778       31.3043      0.991775      0.995879      0.997933     
   25 5  0.133333       30.0000      0.991473      0.995728      0.997857     
   26 5  0.138889       28.8000      0.989733      0.994853      0.997417     
   27 5  0.144444       27.6923      0.986836      0.993396      0.996682     
   28 5  0.150000       26.6667      0.980336      0.990119      0.995023     
   29 5  0.155556       25.7143      0.967069      0.983397      0.991594     
   30 5  0.161111       24.8276      0.954864      0.977171      0.988388     
   31 5  0.166667       24.0000      0.936390      0.967673      0.983438     
   32 5  0.172222       23.2258      0.906013      0.951847      0.975033     
   33 5  0.177778       22.5000      0.873175      0.934439      0.965554     
   34 5  0.183333       21.8182      0.864651      0.929866      0.963023     
   35 5  0.188889       21.1765      0.887041      0.941828      0.969608     
   36 5  0.194444       20.5714      0.892603      0.944777      0.971213     
   37 5  0.200000       20.0000      0.902831      0.950174      0.974133     
   38 5  0.205556       19.4595      0.900549      0.948973      0.973485     
   39 5  0.211111       18.9474      0.878695      0.937387      0.967177     
   40 5  0.216667       18.4615      0.865196      0.930159      0.963186     
   41 5  0.222222       18.0000      0.828366      0.910146      0.951907     
   42 5  0.227778       17.5610      0.819974      0.905524      0.949254     
   43 5  0.233333       17.1429      0.794030      0.891084      0.940846     
   44 5  0.238889       16.7442      0.786679      0.886949      0.938405     
   45 5  0.244444       16.3636      0.770495      0.877778      0.932937     
   46 5  0.250000       16.0000      0.737027      0.858503      0.921199     
   47 5  0.255556       15.6522      0.709622      0.842391      0.911126     
   48 5  0.261111       15.3191      0.693682      0.832876      0.905064     
   49 5  0.266667       15.0000      0.661053      0.813051      0.892157     
   50 5  0.272222       14.6939      0.629352      0.793317      0.878930     
   51 5  0.277778       14.4000      0.617735      0.785961      0.873901     
   52 5  0.283333       14.1176      0.585182      0.764972      0.859253     
   53 5  0.288889       13.8462      0.538943      0.734127      0.836903     
   54 5  0.294444       13.5849      0.513897      0.716866      0.823958     
   55 5  0.300000       13.3333      0.499478      0.706738      0.816212     
   56 5  0.305556       13.0909      0.485144      0.696523      0.808288     
   57 5  0.311111       12.8571      0.440565      0.663751      0.782084     
   58 5  0.316667       12.6316      0.433452      0.658371      0.777668     
   59 5  0.322222       12.4138      0.436294      0.660526      0.779441     
   60 5  0.327778       12.2034      0.425550      0.652342      0.772679     
   61 5  0.333333       12.0000      0.419676      0.647824      0.768914     
   62 5  0.338889       11.8033      0.396301      0.629524      0.753421     
   63 5  0.344444       11.6129      0.407275      0.638181      0.760798     
   64 5  0.350000       11.4286      0.371978      0.609900      0.736376     
   65 5  0.355556       11.2500      0.349092      0.590840      0.719389     
   66 5  0.361111       11.0769      0.364654      0.603866      0.731045     
   67 5  0.366667       10.9091      0.323325      0.568617      0.699039     
   68 5  0.372222       10.7463      0.321526      0.567033      0.697566     
   69 5  0.377778       10.5882      0.317835      0.563769      0.694521     
   70 5  0.383333       10.4348      0.296773      0.544769      0.676543     
   71 5  0.388889       10.2857      0.291786      0.540172      0.672128     
   72 5  0.394444       10.1408      0.284102      0.533012      0.665200     
   73 5  0.400000       10.0000      0.270328      0.519930      0.652383     
   74 5  0.405556       9.86301      0.239255      0.489137      0.621391     
   75 5  0.411111       9.72973      0.254522      0.504502      0.636999     
   76 5  0.416667       9.60000      0.234811      0.484573      0.616700     
   77 5  0.422222       9.47368      0.200875      0.448191      0.578401     
   78 5  0.427778       9.35065      0.184345      0.429354      0.557945     
   79 5  0.433333       9.23077      0.181069      0.425522      0.553732     
   80 5  0.438889       9.11392      0.175909      0.419415      0.546981     
   81 5  0.444444       9.00000      0.148045      0.384766      0.507846     
   82 5  0.450000       8.88889      0.165943      0.407361      0.533526     
   83 5  0.455556       8.78049      0.151019      0.388611      0.512259     
   84 5  0.461111       8.67470      0.166543      0.408097      0.534352     
   85 5  0.466667       8.57143      0.144923      0.380688      0.503148     
   86 5  0.472222       8.47059      0.146691      0.383002      0.505817     
   87 5  0.477778       8.37209      0.107392      0.327707      0.440402     
   88 5  0.483333       8.27586      9.561748E-02  0.309221      0.417786     
   89 5  0.488889       8.18182      0.121377      0.348392      0.465272     
   90 5  0.494444       8.08989      0.100494      0.317009      0.427358     
   91 5  0.500000       8.00000      0.105216      0.324371      0.436348     
