 ;spi/dat   15-JAN-2014 AT 10:36:14   rf_doc.dat
 ;        NORM-FREQ      DPH           FRC          FRCCRIT        PIXELS
    3 5  2.666667E-03   12.0383      0.950254       1.00000       4.00000     
    4 5  4.000000E-03   61.5636      0.246922       1.00000       4.00000     
    5 5  5.333333E-03   120.230     -0.258397      0.866025       12.0000     
    7 5  8.000000E-03   104.955     -9.474145E-02  0.750000       16.0000     
    8 5  9.333333E-03   78.3181      0.319592       1.00000       8.00000     
    9 5  1.066667E-02   70.0828      0.401749      0.866025       12.0000     
   10 5  1.200000E-02   109.540      1.044623E-02  0.866025       12.0000     
   11 5  1.333333E-02   131.642     -0.222259      0.670820       20.0000     
   12 5  1.466667E-02   132.088     -0.549840      0.866025       12.0000     
   13 5  1.600000E-02   109.318     -0.191724      0.670820       20.0000     
   14 5  1.733333E-02   104.335      0.262985      0.612372       24.0000     
   15 5  1.866667E-02   89.6874      0.276570      0.612372       24.0000     
   16 5  2.000000E-02   78.3261      0.291554      0.750000       16.0000     
   17 5  2.133333E-02   117.350     -4.821012E-02  0.566947       28.0000     
   18 5  2.266667E-02   111.199     -5.092051E-02  0.566947       28.0000     
   19 5  2.400000E-02   106.607      6.776635E-02  0.500000       36.0000     
   20 5  2.533333E-02   77.6632      0.383258      0.750000       16.0000     
   21 5  2.666667E-02   104.277     -2.797236E-02  0.474342       40.0000     
   22 5  2.800000E-02   87.5174      0.208726      0.612372       24.0000     
   23 5  2.933333E-02   97.5163      1.329789E-02  0.452267       44.0000     
   24 5  3.066667E-02   97.3398      0.124316      0.500000       36.0000     
   25 5  3.200000E-02   99.0883      1.912367E-02  0.452267       44.0000     
   26 5  3.333334E-02   99.7046     -1.396455E-02  0.612372       24.0000     
   27 5  3.466666E-02   117.435     -0.249768      0.433013       48.0000     
   28 5  3.600000E-02   106.550      4.614203E-04  0.474342       40.0000     
   29 5  3.733333E-02   123.790     -0.228025      0.474342       40.0000     
   30 5  3.866667E-02   122.241     -0.309900      0.474342       40.0000     
   31 5  4.000000E-02   100.224      3.905301E-02  0.416025       52.0000     
   32 5  4.133333E-02   105.560     -4.561474E-02  0.416025       52.0000     
   33 5  4.266667E-02   105.753      2.793894E-02  0.416025       52.0000     
   34 5  4.400000E-02   91.6001      0.150321      0.433013       48.0000     
   35 5  4.533333E-02   93.7288      0.146011      0.400892       56.0000     
   36 5  4.666667E-02   94.8822      0.169506      0.433013       48.0000     
   37 5  4.800000E-02   110.244     -6.129808E-02  0.387298       60.0000     
   38 5  4.933333E-02   114.562     -0.196001      0.387298       60.0000     
   39 5  5.066667E-02   107.397      3.000644E-02  0.416025       52.0000     
   40 5  5.200000E-02   72.1479      0.483470      0.400892       56.0000     
   41 5  5.333333E-02   101.466      1.144172E-02  0.353553       72.0000     
   42 5  5.466667E-02   85.9666      0.258092      0.353553       72.0000     
   43 5  5.600000E-02   112.970     -9.996819E-02  0.387298       60.0000     
   44 5  5.733333E-02   109.923     -6.240631E-02  0.363803       68.0000     
   45 5  5.866667E-02   99.6964      0.142934      0.363803       68.0000     
   46 5  6.000000E-02   100.367      1.159028E-02  0.363803       68.0000     
   47 5  6.133333E-02   91.9486      0.182190      0.363803       68.0000     
   48 5  6.266667E-02   117.278     -0.134058      0.353553       72.0000     
   49 5  6.400000E-02   104.917     -5.419411E-02  0.335410       80.0000     
   50 5  6.533334E-02   99.9436      9.907282E-02  0.375000       64.0000     
   51 5  6.666667E-02   107.209     -9.238842E-02  0.300000       100.000     
   52 5  6.800000E-02   102.690      6.695106E-02  0.344124       76.0000     
   53 5  6.933333E-02   101.283     -2.901420E-02  0.327327       84.0000     
   54 5  7.066666E-02   103.390      3.467899E-02  0.353553       72.0000     
   55 5  7.200000E-02   99.4265      0.125654      0.319801       88.0000     
   56 5  7.333333E-02   104.654     -2.033660E-02  0.319801       88.0000     
   57 5  7.466666E-02   99.3783      3.326581E-02  0.327327       84.0000     
   58 5  7.600000E-02   105.677     -5.190986E-02  0.300000       100.000     
   59 5  7.733333E-02   101.570     -1.909764E-02  0.300000       100.000     
   60 5  7.866666E-02   109.840     -0.144204      0.375000       64.0000     
   61 5  8.000000E-02   107.340     -0.107164      0.283473       112.000     
   62 5  8.133333E-02   113.227     -0.165092      0.319801       88.0000     
   63 5  8.266667E-02   98.7653      7.979787E-03  0.294174       104.000     
   64 5  8.400000E-02   92.7382      0.105587      0.319801       88.0000     
   65 5  8.533333E-02   104.667      4.182914E-02  0.300000       100.000     
   66 5  8.666667E-02   93.6617      0.144355      0.288675       108.000     
   67 5  8.800000E-02   103.380     -3.946000E-02  0.300000       100.000     
   68 5  8.933333E-02   99.3125      0.100558      0.283473       112.000     
   69 5  9.066667E-02   106.227     -0.100927      0.294174       104.000     
   70 5  9.200000E-02   99.8254      0.128876      0.306186       96.0000     
   71 5  9.333333E-02   104.783      5.195217E-02  0.278543       116.000     
   72 5  9.466667E-02   102.334      1.124356E-02  0.288675       108.000     
   73 5  9.600000E-02   98.7116      0.100278      0.269408       124.000     
   74 5  9.733333E-02   99.5192      3.987028E-02  0.319801       88.0000     
   75 5  9.866667E-02   114.108     -0.128493      0.257248       136.000     
   76 5  0.100000       108.703     -5.467089E-02  0.273861       120.000     
   77 5  0.101333       101.687     -3.671562E-02  0.278543       116.000     
   78 5  0.102667       110.020     -9.628358E-02  0.261116       132.000     
   79 5  0.104000       102.359      2.037718E-02  0.278543       116.000     
   80 5  0.105333       115.275     -0.110343      0.278543       116.000     
   81 5  0.106667       108.108     -5.304589E-02  0.278543       116.000     
   82 5  0.108000       105.222     -6.994884E-02  0.257248       136.000     
   83 5  0.109333       111.240     -8.668239E-02  0.265165       128.000     
   84 5  0.110667       104.590     -4.510522E-02  0.265165       128.000     
   85 5  0.112000       109.534     -7.750715E-02  0.261116       132.000     
   86 5  0.113333       115.637     -0.208811      0.261116       132.000     
   87 5  0.114667       93.0062      0.149052      0.261116       132.000     
   88 5  0.116000       91.5801      0.176755      0.257248       136.000     
   89 5  0.117333       103.850     -1.123712E-02  0.250000       144.000     
   90 5  0.118667       107.680     -9.667586E-02  0.265165       128.000     
   91 5  0.120000       111.743     -0.136437      0.253546       140.000     
   92 5  0.121333       105.415     -7.027337E-02  0.240192       156.000     
   93 5  0.122667       105.012     -4.907526E-02  0.246598       148.000     
   94 5  0.124000       110.164     -0.113042      0.257248       136.000     
   95 5  0.125333       106.352      2.919492E-02  0.250000       144.000     
   96 5  0.126667       110.919     -0.127456      0.243332       152.000     
   97 5  0.128000       94.2678      0.116521      0.237171       160.000     
   98 5  0.129333       99.1721      9.787521E-02  0.257248       136.000     
   99 5  0.130667       99.3040      6.900567E-02  0.234261       164.000     
  100 5  0.132000       102.479     -3.265172E-02  0.261116       132.000     
  101 5  0.133333       106.291      8.640032E-03  0.234261       164.000     
  102 5  0.134667       99.5319      2.742607E-02  0.226133       176.000     
  103 5  0.136000       100.714      1.054373E-02  0.231455       168.000     
  104 5  0.137333       94.5823      6.815273E-02  0.273861       120.000     
  105 5  0.138667       96.6583      5.340200E-02  0.223607       180.000     
  106 5  0.140000       108.210     -5.642354E-02  0.234261       164.000     
  107 5  0.141333       105.506     -3.139512E-02  0.234261       164.000     
  108 5  0.142667       106.370     -3.408392E-02  0.226133       176.000     
  109 5  0.144000       105.085     -3.386288E-02  0.237171       160.000     
  110 5  0.145333       101.682      6.286029E-02  0.221163       184.000     
  111 5  0.146667       103.085     -1.919333E-02  0.234261       164.000     
  112 5  0.148000       101.480      4.761857E-02  0.223607       180.000     
  113 5  0.149333       97.7262      7.381981E-02  0.214286       196.000     
  114 5  0.150667       107.717     -9.636045E-02  0.253546       140.000     
  115 5  0.152000       98.2026      4.124526E-02  0.218797       188.000     
  116 5  0.153333       94.0143      9.981165E-02  0.221163       184.000     
  117 5  0.154667       101.112      2.051829E-03  0.226133       176.000     
  118 5  0.156000       110.820     -0.140135      0.226133       176.000     
  119 5  0.157333       105.799     -4.340515E-02  0.214286       196.000     
  120 5  0.158667       102.617     -2.721034E-02  0.218797       188.000     
  121 5  0.160000       104.860     -3.719637E-02  0.223607       180.000     
  122 5  0.161333       107.154     -5.772293E-02  0.216506       192.000     
  123 5  0.162667       98.9469      8.731253E-02  0.212132       200.000     
  124 5  0.164000       104.196     -3.160483E-02  0.231455       168.000     
  125 5  0.165333       101.125      5.619255E-02  0.214286       196.000     
  126 5  0.166667       105.645      2.654702E-02  0.218797       188.000     
  127 5  0.168000       108.818     -4.286666E-02  0.198680       228.000     
  128 5  0.169333       105.355     -3.635503E-02  0.221163       184.000     
  129 5  0.170667       110.179     -0.105801      0.204124       216.000     
  130 5  0.172000       99.3604      7.447990E-02  0.212132       200.000     
  131 5  0.173333       109.064     -0.131909      0.216506       192.000     
  132 5  0.174667       100.672      6.863144E-02  0.208013       208.000     
  133 5  0.176000       108.278     -8.226624E-02  0.210042       204.000     
  134 5  0.177333       103.283      1.234755E-02  0.214286       196.000     
  135 5  0.178667       98.9196      5.989906E-02  0.210042       204.000     
  136 5  0.180000       94.5253      7.666145E-02  0.200446       224.000     
  137 5  0.181333       106.111     -4.246962E-02  0.196960       232.000     
  138 5  0.182667       103.593     -5.488461E-02  0.221163       184.000     
  139 5  0.184000       100.180      6.829539E-02  0.195283       236.000     
  140 5  0.185333       106.621     -3.731987E-02  0.210042       204.000     
  141 5  0.186667       104.338     -3.061478E-02  0.202260       220.000     
  142 5  0.188000       106.705     -4.910482E-02  0.208013       208.000     
  143 5  0.189333       103.394     -1.586769E-02  0.200446       224.000     
  144 5  0.190667       99.6885      4.063607E-02  0.200446       224.000     
  145 5  0.192000       106.343      9.826788E-05  0.202260       220.000     
  146 5  0.193333       106.861     -3.297693E-02  0.192055       244.000     
  147 5  0.194667       103.190     -2.542786E-02  0.198680       228.000     
  148 5  0.196000       96.5807      9.007479E-02  0.192055       244.000     
  149 5  0.197333       105.078     -6.610492E-03  0.206041       212.000     
  150 5  0.198667       111.796     -5.856837E-02  0.190500       248.000     
  151 5  0.200000       105.828     -1.054519E-02  0.200446       224.000     
  152 5  0.201333       104.606     -5.393856E-02  0.200446       224.000     
  153 5  0.202667       103.278     -4.846354E-02  0.192055       244.000     
  154 5  0.204000       105.791     -1.787641E-02  0.188982       252.000     
  155 5  0.205333       107.500     -5.131106E-02  0.202260       220.000     
  156 5  0.206667       99.5379      7.030085E-02  0.181902       272.000     
  157 5  0.208000       96.7138      0.118108      0.196960       232.000     
  158 5  0.209333       103.752      6.810104E-02  0.193649       240.000     
  159 5  0.210667       105.935     -3.229593E-02  0.202260       220.000     
  160 5  0.212000       106.725     -2.222542E-02  0.180579       276.000     
  161 5  0.213333       102.113      1.785335E-02  0.198680       228.000     
  162 5  0.214667       100.218      2.274232E-02  0.179284       280.000     
  163 5  0.216000       103.158     -3.270649E-03  0.187500       256.000     
  164 5  0.217333       103.228     -3.547769E-02  0.190500       248.000     
  165 5  0.218667       100.708      1.988629E-02  0.190500       248.000     
  166 5  0.220000       99.0520      6.407872E-02  0.184637       264.000     
  167 5  0.221333       101.670      4.370987E-02  0.180579       276.000     
  168 5  0.222667       109.925     -7.898494E-02  0.192055       244.000     
  169 5  0.224000       102.112      5.046273E-02  0.192055       244.000     
  170 5  0.225333       108.798     -1.125113E-02  0.179284       280.000     
  171 5  0.226667       95.8341      0.125852      0.184637       264.000     
  172 5  0.228000       101.897      2.740314E-02  0.179284       280.000     
  173 5  0.229333       114.562     -0.165136      0.192055       244.000     
  174 5  0.230667       106.759     -2.877194E-02  0.175562       292.000     
  175 5  0.232000       98.3124      2.235906E-02  0.186052       260.000     
  176 5  0.233333       107.672     -8.704591E-02  0.179284       280.000     
  177 5  0.234667       100.282      8.751594E-03  0.184637       264.000     
  178 5  0.236000       101.952      6.503128E-03  0.179284       280.000     
  179 5  0.237333       100.627     -4.082532E-03  0.188982       252.000     
  180 5  0.238667       105.963     -3.830722E-02  0.166667       324.000     
  181 5  0.240000       103.157      3.583830E-02  0.183254       268.000     
  182 5  0.241333       109.099      2.322265E-03  0.176777       288.000     
  183 5  0.242667       99.7210      1.544679E-02  0.181902       272.000     
  184 5  0.244000       102.837      2.408462E-02  0.172062       304.000     
  185 5  0.245333       111.533     -0.125556      0.190500       248.000     
  186 5  0.246667       100.010      2.616392E-02  0.167705       320.000     
  187 5  0.248000       103.159      1.752176E-05  0.186052       260.000     
  188 5  0.249333       98.6202      2.728873E-02  0.164646       332.000     
  189 5  0.250667       99.6517      5.032916E-02  0.190500       248.000     
  190 5  0.252000       102.967     -3.855388E-02  0.164646       332.000     
  191 5  0.253333       103.873     -2.514698E-02  0.180579       276.000     
  192 5  0.254667       101.876      1.407229E-02  0.168763       316.000     
  193 5  0.256000       103.313      1.693116E-03  0.184637       264.000     
  194 5  0.257333       101.471      5.948107E-02  0.163663       336.000     
  195 5  0.258667       102.328      6.318961E-03  0.184637       264.000     
  196 5  0.260000       103.429      2.582905E-02  0.166667       324.000     
  197 5  0.261333       104.866     -9.281921E-03  0.173205       300.000     
  198 5  0.262667       101.541      2.330002E-02  0.160817       348.000     
  199 5  0.264000       96.3395      8.354758E-02  0.187500       256.000     
  200 5  0.265333       102.280     -9.607922E-03  0.156386       368.000     
  201 5  0.266667       104.798     -5.431838E-02  0.181902       272.000     
  202 5  0.268000       105.836     -5.390955E-02  0.159901       352.000     
  203 5  0.269333       104.907     -2.324450E-02  0.181902       272.000     
  204 5  0.270667       99.8100      4.855666E-02  0.162698       340.000     
  205 5  0.272000       102.508      3.222901E-02  0.173205       300.000     
  206 5  0.273333       103.621      7.871057E-03  0.159000       356.000     
  207 5  0.274667       96.5421      9.384666E-02  0.169842       312.000     
  208 5  0.276000       105.126     -2.191329E-02  0.158114       360.000     
  209 5  0.277333       104.506      2.545238E-02  0.184637       264.000     
  210 5  0.278667       98.4848      6.084870E-02  0.159000       356.000     
  211 5  0.280000       99.7667      8.946237E-02  0.173205       300.000     
  212 5  0.281333       100.110      3.213166E-02  0.160817       348.000     
  213 5  0.282667       101.463      4.634450E-02  0.174371       296.000     
  214 5  0.284000       104.535     -1.505769E-02  0.156386       368.000     
  215 5  0.285333       98.3762      9.180635E-02  0.163663       336.000     
  216 5  0.286667       103.622     -2.490722E-02  0.162698       340.000     
  217 5  0.288000       103.870     -1.241285E-02  0.164646       332.000     
  218 5  0.289333       108.380     -9.013403E-02  0.162698       340.000     
  219 5  0.290667       102.357     -7.291851E-03  0.166667       324.000     
  220 5  0.292000       97.2394      9.108769E-02  0.157243       364.000     
  221 5  0.293333       108.245     -8.873869E-02  0.167705       320.000     
  222 5  0.294667       103.989     -2.257050E-02  0.151523       392.000     
  223 5  0.296000       99.2452      3.566739E-02  0.176777       288.000     
  224 5  0.297333       104.036     -4.885452E-02  0.149256       404.000     
  225 5  0.298667       102.523      2.518151E-02  0.168763       316.000     
  226 5  0.300000       106.357     -2.103648E-02  0.153897       380.000     
  227 5  0.301333       105.647      2.288483E-04  0.165647       328.000     
  228 5  0.302667       106.490      7.413546E-03  0.154713       376.000     
  229 5  0.304000       107.598     -5.109819E-02  0.169842       312.000     
  230 5  0.305333       103.162      2.900374E-02  0.153897       380.000     
  231 5  0.306667       99.5575      5.403442E-02  0.162698       340.000     
  232 5  0.308000       108.072     -7.584523E-02  0.145010       428.000     
  233 5  0.309333       102.869      2.267375E-02  0.176777       288.000     
  234 5  0.310667       106.546     -3.398092E-02  0.147087       416.000     
  235 5  0.312000       101.233      4.167683E-02  0.161749       344.000     
  236 5  0.313333       103.739     -1.790937E-02  0.151523       392.000     
  237 5  0.314667       104.712     -2.983676E-02  0.165647       328.000     
  238 5  0.316000       109.324     -6.208695E-02  0.149256       404.000     
  239 5  0.317333       107.101     -4.913940E-02  0.162698       340.000     
  240 5  0.318667       104.593     -7.770925E-03  0.150756       396.000     
  241 5  0.320000       102.349      2.114451E-02  0.156386       368.000     
  242 5  0.321333       102.659     -2.102938E-02  0.147087       416.000     
  243 5  0.322667       106.692     -3.995307E-02  0.169842       312.000     
  244 5  0.324000       96.3941      7.976597E-02  0.147799       412.000     
  245 5  0.325333       106.237     -4.639588E-02  0.157243       364.000     
  246 5  0.326667       102.328      2.465785E-02  0.147799       412.000     
  247 5  0.328000       103.585     -6.073047E-04  0.163663       336.000     
  248 5  0.329333       98.4609      4.835101E-02  0.147087       416.000     
  249 5  0.330667       101.787      3.875487E-02  0.154713       376.000     
  250 5  0.332000       107.540     -2.666608E-02  0.149256       404.000     
  251 5  0.333333       104.152      2.191278E-02  0.153897       380.000     
  252 5  0.334667       108.977     -4.997285E-02  0.143674       436.000     
  253 5  0.336000       103.524      1.299912E-02  0.162698       340.000     
  254 5  0.337333       100.913      3.482053E-02  0.145010       428.000     
  255 5  0.338667       106.613     -2.172076E-02  0.153093       384.000     
  256 5  0.340000       98.8514      4.619509E-02  0.150000       400.000     
  257 5  0.341333       102.810     -1.169385E-02  0.154713       376.000     
  258 5  0.342667       106.358     -5.022696E-02  0.145010       428.000     
  259 5  0.344000       104.660     -1.152198E-02  0.147799       412.000     
  260 5  0.345333       109.150     -7.360107E-02  0.146385       420.000     
  261 5  0.346667       101.285     -2.178135E-03  0.154713       376.000     
  262 5  0.348000       106.643     -4.377353E-02  0.141737       448.000     
  263 5  0.349333       102.197      1.930596E-02  0.161749       344.000     
  264 5  0.350667       101.460      5.659074E-02  0.143674       436.000     
  265 5  0.352000       101.262     -1.361087E-02  0.150756       396.000     
  266 5  0.353333       101.638      1.309084E-02  0.142374       444.000     
  267 5  0.354667       107.467     -3.649746E-02  0.153093       384.000     
  268 5  0.356000       104.781      4.479237E-03  0.143019       440.000     
  269 5  0.357333       98.1477      5.150724E-02  0.147087       416.000     
  270 5  0.358667       102.468     -1.685185E-02  0.144338       432.000     
  271 5  0.360000       102.230      2.529160E-03  0.150000       400.000     
  272 5  0.361333       106.686     -6.121803E-02  0.138675       468.000     
  273 5  0.362667       101.061      3.649901E-02  0.155543       372.000     
  274 5  0.364000       103.421      1.968098E-02  0.142374       444.000     
  275 5  0.365333       97.9703      8.915212E-02  0.145693       424.000     
  276 5  0.366667       106.460     -1.542928E-02  0.138086       472.000     
  277 5  0.368000       102.900      3.302904E-02  0.156386       368.000     
  278 5  0.369333       98.9991      0.122297      0.138675       468.000     
  279 5  0.370667       105.075      2.155666E-02  0.146385       420.000     
  280 5  0.372000       105.289     -2.131409E-03  0.141108       452.000     
  281 5  0.373333       100.335      7.775807E-02  0.147087       416.000     
  282 5  0.374667       103.496      6.830072E-03  0.141737       448.000     
  283 5  0.376000       106.304     -4.476580E-03  0.145693       424.000     
  284 5  0.377333       104.389     -1.155310E-02  0.139876       460.000     
  285 5  0.378667       101.761      3.071823E-02  0.145010       428.000     
  286 5  0.380000       103.479      5.428320E-03  0.134164       500.000     
  287 5  0.381333       100.320      2.690447E-02  0.150756       396.000     
  288 5  0.382667       103.255     -3.159397E-02  0.141108       452.000     
  289 5  0.384000       102.305      3.829995E-02  0.141737       448.000     
  290 5  0.385333       108.016     -5.856783E-02  0.136931       480.000     
  291 5  0.386667       103.977     -9.783988E-04  0.147087       416.000     
  292 5  0.388000       105.098     -1.139288E-02  0.135250       492.000     
  293 5  0.389333       100.019      6.043235E-02  0.143674       436.000     
  294 5  0.390667       109.344     -5.170768E-02  0.138675       468.000     
  295 5  0.392000       103.526      2.123061E-02  0.141737       448.000     
  296 5  0.393333       102.366      1.158937E-02  0.134704       496.000     
  297 5  0.394667       101.311      1.617307E-02  0.145693       424.000     
  298 5  0.396000       103.497      2.331338E-03  0.139876       460.000     
  299 5  0.397333       108.053     -5.429355E-02  0.141108       452.000     
  300 5  0.398667       100.934     -7.430065E-04  0.132068       516.000     
  301 5  0.400000       103.736      2.033570E-02  0.147087       416.000     
  302 5  0.401333       106.108     -5.526730E-02  0.130558       528.000     
  303 5  0.402667       100.820      1.806433E-02  0.144338       432.000     
  304 5  0.404000       105.087     -2.699086E-02  0.133631       504.000     
  305 5  0.405333       104.729     -3.468000E-02  0.140488       456.000     
  306 5  0.406667       103.494     -1.038008E-02  0.133103       508.000     
  307 5  0.408000       100.436      5.463467E-02  0.142374       444.000     
  308 5  0.409333       100.764      5.921299E-02  0.138675       468.000     
  309 5  0.410667       103.744     -2.150003E-02  0.135804       488.000     
  310 5  0.412000       98.4303      6.264575E-02  0.131559       520.000     
  311 5  0.413333       98.4234      6.132950E-02  0.143019       440.000     
  312 5  0.414667       98.8852      6.341083E-02  0.129099       540.000     
  313 5  0.416000       111.184     -0.105630      0.142374       444.000     
  314 5  0.417333       108.994     -6.755038E-02  0.132068       516.000     
  315 5  0.418667       106.410      1.671610E-02  0.141737       448.000     
  316 5  0.420000       106.349     -5.945001E-02  0.128624       544.000     
  317 5  0.421333       101.050      5.404951E-02  0.143019       440.000     
  318 5  0.422667       106.638     -5.165018E-02  0.132068       516.000     
  319 5  0.424000       103.960      7.806828E-03  0.133103       508.000     
  320 5  0.425333       102.001      5.323207E-02  0.132068       516.000     
  321 5  0.426667       104.971     -1.640463E-02  0.138675       468.000     
  322 5  0.428000       106.695     -3.602406E-02  0.133103       508.000     
  323 5  0.429333       102.634     -2.627539E-02  0.135804       488.000     
  324 5  0.430667       108.034     -4.089627E-02  0.128624       544.000     
  325 5  0.432000       99.5360      4.240448E-02  0.141737       448.000     
  326 5  0.433333       104.493     -2.277784E-02  0.126323       564.000     
  327 5  0.434667       99.7557      3.310606E-02  0.136364       484.000     
  328 5  0.436000       101.384      6.981900E-02  0.131056       524.000     
  329 5  0.437333       103.151      3.139505E-02  0.132583       512.000     
  330 5  0.438667       103.590      1.015884E-02  0.128624       544.000     
  331 5  0.440000       99.6552      5.981400E-02  0.135804       488.000     
  332 5  0.441333       103.203      3.134381E-02  0.133103       508.000     
  333 5  0.442667       108.781     -5.469222E-02  0.133103       508.000     
  334 5  0.444000       100.910      7.054255E-02  0.131056       524.000     
  335 5  0.445333       102.134     -1.473635E-02  0.135804       488.000     
  336 5  0.446667       103.527     -1.636419E-02  0.123299       592.000     
  337 5  0.448000       104.134     -7.882361E-03  0.134704       496.000     
  338 5  0.449333       104.771     -3.452769E-02  0.129580       536.000     
  339 5  0.450667       104.712      1.659168E-02  0.135804       488.000     
  340 5  0.452000       105.721     -3.424261E-02  0.122885       596.000     
  341 5  0.453333       108.527     -3.954642E-02  0.138675       468.000     
  342 5  0.454667       103.857      1.847637E-02  0.127228       556.000     
  343 5  0.456000       103.147      7.395207E-03  0.132583       512.000     
  344 5  0.457333       104.172      3.929189E-02  0.126773       560.000     
  345 5  0.458667       106.313     -4.999912E-02  0.132583       512.000     
  346 5  0.460000       102.325      1.344756E-02  0.123718       588.000     
  347 5  0.461333       103.287      1.668003E-02  0.134164       500.000     
  348 5  0.462667       106.552     -6.290887E-02  0.124568       580.000     
  349 5  0.464000       108.996     -9.680731E-02  0.132583       512.000     
  350 5  0.465333       105.000      4.325736E-03  0.124141       584.000     
  351 5  0.466667       103.967     -2.902309E-02  0.131559       520.000     
  352 5  0.468000       103.008      1.244254E-02  0.131056       524.000     
  353 5  0.469333       100.417      6.188119E-02  0.128154       548.000     
  354 5  0.470667       110.414     -6.789427E-02  0.122068       604.000     
  355 5  0.472000       101.617     -7.703737E-03  0.133103       508.000     
  356 5  0.473333       106.961     -2.536015E-02  0.123718       588.000     
  357 5  0.474667       106.279     -2.426505E-02  0.130558       528.000     
  358 5  0.476000       108.265     -5.264637E-02  0.123299       592.000     
  359 5  0.477333       101.480      4.100397E-02  0.129580       536.000     
  360 5  0.478667       107.112     -2.510517E-02  0.125436       572.000     
  361 5  0.480000       102.466     -1.492925E-02  0.128154       548.000     
  362 5  0.481333       102.295      1.497631E-02  0.127228       556.000     
  363 5  0.482667       104.027      2.102491E-02  0.125000       576.000     
  364 5  0.484000       104.357     -1.355145E-02  0.120873       616.000     
  365 5  0.485333       105.659      1.213403E-02  0.131559       520.000     
  366 5  0.486667       102.087      3.511119E-02  0.122068       604.000     
  367 5  0.488000       101.094      3.864923E-02  0.132068       516.000     
  368 5  0.489333       105.204     -5.739756E-03  0.120483       620.000     
  369 5  0.490667       104.718     -1.114285E-02  0.131559       520.000     
  370 5  0.492000       105.676     -2.797429E-02  0.120096       624.000     
  371 5  0.493333       98.8311      7.055327E-02  0.126773       560.000     
  372 5  0.494667       100.516      2.826109E-02  0.125436       572.000     
  373 5  0.496000       103.216      1.877322E-02  0.122885       596.000     
  374 5  0.497333       100.039      7.205785E-02  0.124568       580.000     
  375 5  0.498667       98.3137      0.110400      0.125436       572.000     
  376 5  0.500000       105.782     -1.472449E-02  0.122885       596.000     
