 ;spi/dat   15-JAN-2014 AT 10:53:45   rfsn_doc.dat
 ; RADIUS NORM.RAD        SSNR         NVALS       VARIANCE
    1 4   0.00000      4.906233E+06   1.00000           Inf 
    3 4  2.666667E-03   29.1377       2.00000       31.1056     
    4 4  4.000000E-03  0.618748       2.00000       2.20405     
    5 4  5.333333E-03   0.00000       6.00000       1.09545     
    7 4  8.000000E-03   0.00000       8.00000       1.06904     
    8 4  9.333333E-03  0.933075       4.00000       2.02774     
    9 4  1.066667E-02   1.33679       6.00000       2.18305     
   10 4  1.200000E-02  1.986468E-02   6.00000       1.11703     
   11 4  1.333333E-02   0.00000       10.0000       1.05409     
   12 4  1.466667E-02   0.00000       6.00000       1.09545     
   13 4  1.600000E-02   0.00000       10.0000       1.05409     
   14 4  1.733333E-02  0.704957       12.0000       1.63529     
   15 4  1.866667E-02  0.760886       12.0000       1.67441     
   16 4  2.000000E-02  0.822798       8.00000       1.76642     
   17 4  2.133333E-02   0.00000       14.0000       1.03775     
   18 4  2.266667E-02   0.00000       14.0000       1.03775     
   19 4  2.400000E-02  0.145367       18.0000       1.16957     
   20 4  2.533333E-02   1.16830       8.00000       2.00206     
   21 4  2.666667E-02   0.00000       20.0000       1.02598     
   22 4  2.800000E-02  0.527477       12.0000       1.50568     
   23 4  2.933333E-02  2.621937E-02   22.0000       1.05004     
   24 4  3.066667E-02  0.275088       18.0000       1.28289     
   25 4  3.200000E-02  3.898871E-02   22.0000       1.06272     
   26 4  3.333334E-02   0.00000       12.0000       1.04447     
   27 4  3.466666E-02   0.00000       24.0000       1.02151     
   28 4  3.600000E-02  9.218454E-04   20.0000       1.02692     
   29 4  3.733333E-02   0.00000       20.0000       1.02598     
   30 4  3.866667E-02   0.00000       20.0000       1.02598     
   31 4  4.000000E-02  7.986689E-02   26.0000       1.09835     
   32 4  4.133333E-02   0.00000       26.0000       1.01980     
   33 4  4.266667E-02  5.748224E-02   26.0000       1.07689     
   34 4  4.400000E-02  0.344726       24.0000       1.32969     
   35 4  4.533333E-02  0.330826       28.0000       1.31425     
   36 4  4.666667E-02  0.406646       24.0000       1.37816     
   37 4  4.800000E-02   0.00000       30.0000       1.01710     
   38 4  4.933333E-02   0.00000       30.0000       1.01710     
   39 4  5.066667E-02  6.186926E-02   26.0000       1.08113     
   40 4  5.200000E-02   1.85104       28.0000       2.23677     
   41 4  5.333333E-02  2.314508E-02   36.0000       1.03740     
   42 4  5.466667E-02  0.689661       36.0000       1.56872     
   43 4  5.600000E-02   0.00000       30.0000       1.01710     
   44 4  5.733333E-02   0.00000       34.0000       1.01504     
   45 4  5.866667E-02  0.330549       34.0000       1.30948     
   46 4  6.000000E-02  2.326083E-02   34.0000       1.03839     
   47 4  6.133333E-02  0.420307       34.0000       1.37904     
   48 4  6.266667E-02   0.00000       36.0000       1.01419     
   49 4  6.400000E-02   0.00000       40.0000       1.01274     
   50 4  6.533334E-02  0.219726       32.0000       1.21961     
   51 4  6.666667E-02   0.00000       50.0000       1.01015     
   52 4  6.800000E-02  0.143156       38.0000       1.14962     
   53 4  6.933333E-02   0.00000       42.0000       1.01212     
   54 4  7.066666E-02  6.998909E-02   36.0000       1.08291     
   55 4  7.200000E-02  0.287422       44.0000       1.27019     
   56 4  7.333333E-02   0.00000       44.0000       1.01156     
   57 4  7.466666E-02  6.734395E-02   42.0000       1.07818     
   58 4  7.600000E-02   0.00000       50.0000       1.01015     
   59 4  7.733333E-02   0.00000       50.0000       1.01015     
   60 4  7.866666E-02   0.00000       32.0000       1.01600     
   61 4  8.000000E-02   0.00000       56.0000       1.00905     
   62 4  8.133333E-02   0.00000       44.0000       1.01156     
   63 4  8.266667E-02  1.608908E-02   52.0000       1.02588     
   64 4  8.400000E-02  0.235699       44.0000       1.22756     
   65 4  8.533333E-02  8.687818E-02   50.0000       1.09447     
   66 4  8.666667E-02  0.331530       54.0000       1.30250     
   67 4  8.800000E-02   0.00000       50.0000       1.01015     
   68 4  8.933333E-02  0.221482       56.0000       1.21247     
   69 4  9.066667E-02   0.00000       52.0000       1.00976     
   70 4  9.200000E-02  0.295351       48.0000       1.27531     
   71 4  9.333333E-02  0.109426       58.0000       1.11375     
   72 4  9.466667E-02  2.271187E-02   54.0000       1.03207     
   73 4  9.600000E-02  0.221218       62.0000       1.21115     
   74 4  9.733333E-02  8.198524E-02   44.0000       1.09142     
   75 4  9.866667E-02   0.00000       68.0000       1.00744     
   76 4  0.100000       0.00000       60.0000       1.00844     
   77 4  0.101333       0.00000       58.0000       1.00873     
   78 4  0.102667       0.00000       66.0000       1.00766     
   79 4  0.104000      4.144287E-02   58.0000       1.04972     
   80 4  0.105333       0.00000       58.0000       1.00873     
   81 4  0.106667       0.00000       58.0000       1.00873     
   82 4  0.108000       0.00000       68.0000       1.00744     
   83 4  0.109333       0.00000       64.0000       1.00791     
   84 4  0.110667       0.00000       64.0000       1.00791     
   85 4  0.112000       0.00000       66.0000       1.00766     
   86 4  0.113333       0.00000       66.0000       1.00766     
   87 4  0.114667      0.350235       66.0000       1.31473     
   88 4  0.116000      0.428890       68.0000       1.37414     
   89 4  0.117333       0.00000       72.0000       1.00702     
   90 4  0.118667       0.00000       64.0000       1.00791     
   91 4  0.120000       0.00000       70.0000       1.00722     
   92 4  0.121333       0.00000       78.0000       1.00647     
   93 4  0.122667       0.00000       74.0000       1.00683     
   94 4  0.124000       0.00000       68.0000       1.00744     
   95 4  0.125333      5.983162E-02   72.0000       1.06559     
   96 4  0.126667       0.00000       76.0000       1.00664     
   97 4  0.128000      0.263741       80.0000       1.24406     
   98 4  0.129333      0.216443       68.0000       1.20622     
   99 4  0.130667      0.146844       82.0000       1.14452     
  100 4  0.132000       0.00000       66.0000       1.00766     
  101 4  0.133333      1.741314E-02   82.0000       1.02353     
  102 4  0.134667      5.639887E-02   88.0000       1.06095     
  103 4  0.136000      2.118063E-02   84.0000       1.02710     
  104 4  0.137333      0.145386       60.0000       1.14587     
  105 4  0.138667      0.112366       90.0000       1.11294     
  106 4  0.140000       0.00000       82.0000       1.00615     
  107 4  0.141333       0.00000       82.0000       1.00615     
  108 4  0.142667       0.00000       88.0000       1.00573     
  109 4  0.144000       0.00000       80.0000       1.00631     
  110 4  0.145333      0.133900       92.0000       1.13222     
  111 4  0.146667       0.00000       82.0000       1.00615     
  112 4  0.148000      9.982765E-02   90.0000       1.10147     
  113 4  0.149333      0.159141       98.0000       1.15418     
  114 4  0.150667       0.00000       70.0000       1.00722     
  115 4  0.152000      8.601880E-02   94.0000       1.08845     
  116 4  0.153333      0.221746       92.0000       1.20826     
  117 4  0.154667      4.109502E-03   88.0000       1.00986     
  118 4  0.156000       0.00000       88.0000       1.00573     
  119 4  0.157333       0.00000       98.0000       1.00514     
  120 4  0.158667       0.00000       94.0000       1.00536     
  121 4  0.160000       0.00000       90.0000       1.00560     
  122 4  0.161333       0.00000       96.0000       1.00525     
  123 4  0.162667      0.189838       100.000       1.18067     
  124 4  0.164000       0.00000       84.0000       1.00601     
  125 4  0.165333      0.118893       98.0000       1.11834     
  126 4  0.166667      5.444145E-02   94.0000       1.05870     
  127 4  0.168000       0.00000       114.000       1.00442     
  128 4  0.169333       0.00000       92.0000       1.00548     
  129 4  0.170667       0.00000       108.000       1.00466     
  130 4  0.172000      0.160946       100.000       1.15564     
  131 4  0.173333       0.00000       96.0000       1.00525     
  132 4  0.174667      0.147377       104.000       1.14348     
  133 4  0.176000       0.00000       102.000       1.00494     
  134 4  0.177333      2.499676E-02   98.0000       1.02996     
  135 4  0.178667      0.125413       102.000       1.12400     
  136 4  0.180000      0.165813       112.000       1.15925     
  137 4  0.181333       0.00000       116.000       1.00434     
  138 4  0.182667       0.00000       92.0000       1.00548     
  139 4  0.184000      0.146425       118.000       1.14196     
  140 4  0.185333       0.00000       102.000       1.00494     
  141 4  0.186667       0.00000       110.000       1.00458     
  142 4  0.188000       0.00000       104.000       1.00484     
  143 4  0.189333       0.00000       112.000       1.00449     
  144 4  0.190667      8.465314E-02   112.000       1.08623     
  145 4  0.192000      1.964569E-04   110.000       1.00477     
  146 4  0.193333       0.00000       122.000       1.00412     
  147 4  0.194667       0.00000       114.000       1.00442     
  148 4  0.196000      0.194231       122.000       1.18332     
  149 4  0.197333       0.00000       106.000       1.00475     
  150 4  0.198667       0.00000       124.000       1.00406     
  151 4  0.200000       0.00000       112.000       1.00449     
  152 4  0.201333       0.00000       112.000       1.00449     
  153 4  0.202667       0.00000       122.000       1.00412     
  154 4  0.204000       0.00000       126.000       1.00399     
  155 4  0.205333       0.00000       110.000       1.00458     
  156 4  0.206667      0.150958       136.000       1.14531     
  157 4  0.208000      0.266234       116.000       1.24355     
  158 4  0.209333      0.145799       120.000       1.14133     
  159 4  0.210667       0.00000       110.000       1.00458     
  160 4  0.212000       0.00000       138.000       1.00364     
  161 4  0.213333      3.630114E-02   114.000       1.04024     
  162 4  0.214667      4.654121E-02   140.000       1.04927     
  163 4  0.216000       0.00000       128.000       1.00393     
  164 4  0.217333       0.00000       124.000       1.00406     
  165 4  0.218667      4.051113E-02   124.000       1.04395     
  166 4  0.220000      0.136697       132.000       1.13281     
  167 4  0.221333      9.085047E-02   138.000       1.09105     
  168 4  0.222667       0.00000       122.000       1.00412     
  169 4  0.224000      0.106224       122.000       1.10569     
  170 4  0.225333       0.00000       140.000       1.00359     
  171 4  0.226667      0.287941       132.000       1.26037     
  172 4  0.228000      5.630600E-02   140.000       1.05860     
  173 4  0.229333       0.00000       122.000       1.00412     
  174 4  0.230667       0.00000       146.000       1.00344     
  175 4  0.232000      4.572618E-02   130.000       1.04878     
  176 4  0.233333       0.00000       140.000       1.00359     
  177 4  0.234667      1.765621E-02   132.000       1.02138     
  178 4  0.236000      1.301038E-02   140.000       1.01656     
  179 4  0.237333       0.00000       126.000       1.00399     
  180 4  0.238667       0.00000       162.000       1.00310     
  181 4  0.240000      7.429290E-02   134.000       1.07576     
  182 4  0.241333      4.624009E-03   144.000       1.00812     
  183 4  0.242667      3.137517E-02   136.000       1.03471     
  184 4  0.244000      4.934597E-02   152.000       1.05166     
  185 4  0.245333       0.00000       124.000       1.00406     
  186 4  0.246667      5.370939E-02   160.000       1.05565     
  187 4  0.248000      3.647804E-05   130.000       1.00391     
  188 4  0.249333      5.593014E-02   166.000       1.05765     
  189 4  0.250667      0.105984       124.000       1.10540     
  190 4  0.252000       0.00000       166.000       1.00303     
  191 4  0.253333       0.00000       138.000       1.00364     
  192 4  0.254667      2.854514E-02   158.000       1.03142     
  193 4  0.256000      3.389001E-03   132.000       1.00721     
  194 4  0.257333      0.126477       168.000       1.12274     
  195 4  0.258667      1.269603E-02   132.000       1.01647     
  196 4  0.260000      5.302668E-02   162.000       1.05496     
  197 4  0.261333       0.00000       150.000       1.00335     
  198 4  0.262667      4.768741E-02   174.000       1.04963     
  199 4  0.264000      0.182237       128.000       1.17281     
  200 4  0.265333       0.00000       184.000       1.00273     
  201 4  0.266667       0.00000       136.000       1.00370     
  202 4  0.268000       0.00000       176.000       1.00285     
  203 4  0.269333       0.00000       136.000       1.00370     
  204 4  0.270667      0.101929       170.000       1.10047     
  205 4  0.272000      6.657708E-02   150.000       1.06808     
  206 4  0.273333      1.584017E-02   178.000       1.01858     
  207 4  0.274667      0.206960       156.000       1.19303     
  208 4  0.276000       0.00000       180.000       1.00279     
  209 4  0.277333      5.221248E-02   132.000       1.05493     
  210 4  0.278667      0.129359       178.000       1.12513     
  211 4  0.280000      0.196138       150.000       1.18401     
  212 4  0.281333      6.639421E-02   174.000       1.06741     
  213 4  0.282667      9.680307E-02   148.000       1.09626     
  214 4  0.284000       0.00000       184.000       1.00273     
  215 4  0.285333      0.201893       168.000       1.18846     
  216 4  0.286667       0.00000       170.000       1.00295     
  217 4  0.288000       0.00000       166.000       1.00303     
  218 4  0.289333       0.00000       170.000       1.00295     
  219 4  0.290667       0.00000       162.000       1.00310     
  220 4  0.292000      0.199981       182.000       1.18656     
  221 4  0.293333       0.00000       160.000       1.00314     
  222 4  0.294667       0.00000       196.000       1.00256     
  223 4  0.296000      7.385218E-02   144.000       1.07507     
  224 4  0.297333       0.00000       202.000       1.00248     
  225 4  0.298667      5.139863E-02   158.000       1.05349     
  226 4  0.300000       0.00000       190.000       1.00264     
  227 4  0.301333      4.568100E-04   164.000       1.00352     
  228 4  0.302667      1.484680E-02   188.000       1.01745     
  229 4  0.304000       0.00000       156.000       1.00322     
  230 4  0.305333      5.973995E-02   190.000       1.06086     
  231 4  0.306667      0.114043       170.000       1.11150     
  232 4  0.308000       0.00000       214.000       1.00234     
  233 4  0.309333      4.639757E-02   144.000       1.04902     
  234 4  0.310667       0.00000       208.000       1.00241     
  235 4  0.312000      8.692026E-02   172.000       1.08662     
  236 4  0.313333       0.00000       196.000       1.00256     
  237 4  0.314667       0.00000       164.000       1.00306     
  238 4  0.316000       0.00000       202.000       1.00248     
  239 4  0.317333       0.00000       170.000       1.00295     
  240 4  0.318667       0.00000       198.000       1.00253     
  241 4  0.320000      4.305434E-02   184.000       1.04501     
  242 4  0.321333       0.00000       208.000       1.00241     
  243 4  0.322667       0.00000       156.000       1.00322     
  244 4  0.324000      0.173279       206.000       1.16330     
  245 4  0.325333       0.00000       182.000       1.00276     
  246 4  0.326667      5.055833E-02   206.000       1.05190     
  247 4  0.328000       0.00000       168.000       1.00299     
  248 4  0.329333      0.101575       208.000       1.09955     
  249 4  0.330667      8.063447E-02   188.000       1.08052     
  250 4  0.332000       0.00000       202.000       1.00248     
  251 4  0.333333      4.480731E-02   190.000       1.04661     
  252 4  0.334667       0.00000       218.000       1.00230     
  253 4  0.336000      2.630639E-02   170.000       1.02900     
  254 4  0.337333      7.212973E-02   214.000       1.07222     
  255 4  0.338667       0.00000       192.000       1.00261     
  256 4  0.340000      9.685659E-02   200.000       1.09534     
  257 4  0.341333       0.00000       188.000       1.00267     
  258 4  0.342667       0.00000       214.000       1.00234     
  259 4  0.344000       0.00000       206.000       1.00244     
  260 4  0.345333       0.00000       210.000       1.00239     
  261 4  0.346667       0.00000       188.000       1.00267     
  262 4  0.348000       0.00000       224.000       1.00224     
  263 4  0.349333      3.929782E-02   172.000       1.04159     
  264 4  0.350667      0.118955       218.000       1.11520     
  265 4  0.352000       0.00000       198.000       1.00253     
  266 4  0.353333      2.647305E-02   222.000       1.02845     
  267 4  0.354667       0.00000       192.000       1.00261     
  268 4  0.356000      8.967996E-03   220.000       1.01123     
  269 4  0.357333      0.108516       208.000       1.10588     
  270 4  0.358667       0.00000       216.000       1.00232     
  271 4  0.360000      5.050421E-03   200.000       1.00756     
  272 4  0.361333       0.00000       234.000       1.00214     
  273 4  0.362667      7.571006E-02   186.000       1.07595     
  274 4  0.364000      4.006112E-02   222.000       1.04164     
  275 4  0.365333      0.193755       212.000       1.18079     
  276 4  0.366667       0.00000       236.000       1.00213     
  277 4  0.368000      6.831372E-02   184.000       1.06905     
  278 4  0.369333      0.277327       234.000       1.24966     
  279 4  0.370667      4.406369E-02   210.000       1.04563     
  280 4  0.372000       0.00000       226.000       1.00222     
  281 4  0.373333      0.168268       208.000       1.15893     
  282 4  0.374667      1.372814E-02   224.000       1.01591     
  283 4  0.376000       0.00000       212.000       1.00237     
  284 4  0.377333       0.00000       230.000       1.00218     
  285 4  0.378667      6.326449E-02   214.000       1.06388     
  286 4  0.380000      1.091468E-02   250.000       1.01288     
  287 4  0.381333      5.525422E-02   198.000       1.05649     
  288 4  0.382667       0.00000       226.000       1.00222     
  289 4  0.384000      7.965040E-02   224.000       1.07913     
  290 4  0.385333       0.00000       240.000       1.00209     
  291 4  0.386667       0.00000       208.000       1.00241     
  292 4  0.388000       0.00000       246.000       1.00204     
  293 4  0.389333      0.128481       218.000       1.12376     
  294 4  0.390667       0.00000       234.000       1.00214     
  295 4  0.392000      4.335845E-02   224.000       1.04480     
  296 4  0.393333      2.342761E-02   248.000       1.02523     
  297 4  0.394667      3.281248E-02   212.000       1.03474     
  298 4  0.396000      4.648447E-03   230.000       1.00683     
  299 4  0.397333       0.00000       226.000       1.00222     
  300 4  0.398667       0.00000       258.000       1.00194     
  301 4  0.400000      4.150653E-02   208.000       1.04319     
  302 4  0.401333       0.00000       264.000       1.00190     
  303 4  0.402667      3.673708E-02   216.000       1.03850     
  304 4  0.404000       0.00000       252.000       1.00199     
  305 4  0.405333       0.00000       228.000       1.00220     
  306 4  0.406667       0.00000       254.000       1.00197     
  307 4  0.408000      0.115536       222.000       1.11207     
  308 4  0.409333      0.125859       234.000       1.12123     
  309 4  0.410667       0.00000       244.000       1.00206     
  310 4  0.412000      0.133536       260.000       1.12784     
  311 4  0.413333      0.130365       220.000       1.12542     
  312 4  0.414667      0.135092       270.000       1.12915     
  313 4  0.416000       0.00000       222.000       1.00226     
  314 4  0.417333       0.00000       258.000       1.00194     
  315 4  0.418667      3.400230E-02   224.000       1.03576     
  316 4  0.420000       0.00000       272.000       1.00184     
  317 4  0.421333      0.114125       220.000       1.11082     
  318 4  0.422667       0.00000       258.000       1.00194     
  319 4  0.424000      1.572394E-02   254.000       1.01761     
  320 4  0.425333      0.112411       258.000       1.10889     
  321 4  0.426667       0.00000       234.000       1.00214     
  322 4  0.428000       0.00000       254.000       1.00197     
  323 4  0.429333       0.00000       244.000       1.00206     
  324 4  0.430667       0.00000       272.000       1.00184     
  325 4  0.432000      8.850360E-02   224.000       1.08735     
  326 4  0.433333       0.00000       282.000       1.00178     
  327 4  0.434667      6.835377E-02   242.000       1.06838     
  328 4  0.436000      0.150051       262.000       1.14244     
  329 4  0.437333      6.444812E-02   256.000       1.06458     
  330 4  0.438667      2.051961E-02   272.000       1.02219     
  331 4  0.440000      0.127237       244.000       1.12236     
  332 4  0.441333      6.430984E-02   254.000       1.06447     
  333 4  0.442667       0.00000       254.000       1.00197     
  334 4  0.444000      0.151642       262.000       1.14384     
  335 4  0.445333       0.00000       244.000       1.00206     
  336 4  0.446667       0.00000       296.000       1.00169     
  337 4  0.448000       0.00000       248.000       1.00202     
  338 4  0.449333       0.00000       268.000       1.00187     
  339 4  0.450667      3.365004E-02   244.000       1.03523     
  340 4  0.452000       0.00000       298.000       1.00168     
  341 4  0.453333       0.00000       234.000       1.00214     
  342 4  0.454667      3.754771E-02   278.000       1.03874     
  343 4  0.456000      1.489985E-02   256.000       1.01678     
  344 4  0.457333      8.179653E-02   280.000       1.08064     
  345 4  0.458667       0.00000       256.000       1.00196     
  346 4  0.460000      2.705383E-02   294.000       1.02845     
  347 4  0.461333      3.383780E-02   250.000       1.03536     
  348 4  0.462667       0.00000       290.000       1.00173     
  349 4  0.464000       0.00000       256.000       1.00196     
  350 4  0.465333      8.680940E-03   292.000       1.01038     
  351 4  0.466667       0.00000       260.000       1.00193     
  352 4  0.468000      2.519274E-02   262.000       1.02685     
  353 4  0.469333      0.131771       274.000       1.12616     
  354 4  0.470667       0.00000       302.000       1.00166     
  355 4  0.472000       0.00000       254.000       1.00197     
  356 4  0.473333       0.00000       294.000       1.00171     
  357 4  0.474667       0.00000       264.000       1.00190     
  358 4  0.476000       0.00000       296.000       1.00169     
  359 4  0.477333      8.551133E-02   268.000       1.08418     
  360 4  0.478667       0.00000       286.000       1.00175     
  361 4  0.480000       0.00000       274.000       1.00183     
  362 4  0.481333      3.037572E-02   278.000       1.03179     
  363 4  0.482667      4.292762E-02   288.000       1.04386     
  364 4  0.484000       0.00000       308.000       1.00163     
  365 4  0.485333      2.454722E-02   260.000       1.02623     
  366 4  0.486667      7.270265E-02   302.000       1.07202     
  367 4  0.488000      8.028603E-02   258.000       1.07940     
  368 4  0.489333       0.00000       310.000       1.00162     
  369 4  0.490667       0.00000       260.000       1.00193     
  370 4  0.492000       0.00000       312.000       1.00161     
  371 4  0.493333      0.151647       280.000       1.14370     
  372 4  0.494667      5.802763E-02   286.000       1.05829     
  373 4  0.496000      3.824389E-02   298.000       1.03929     
  374 4  0.497333      0.154657       290.000       1.14627     
  375 4  0.498667      0.248202       286.000       1.22551     
  376 4  0.500000      0.128382       146.000       1.12496     
