 ;spi/pic   06-DEC-2006 AT 14:22:58   align_01_002.pic
 ;                   PSI,       THE,        PHI,         REF#,        EXP# ,    CUM. {INPLANE,    SX,       SY,         NPROJ},        DIFF,     CCROT        INPLANE,      SX,      SY
         1   15   0.0000       75.000       81.795       56.000       1.0000       252.82       3.6150       8.2531       1.0000      -1.0000       1302.3       252.82       3.6150       8.2531       1.0000     
         2   15   0.0000       240.00       56.826       35.000       2.0000       194.54      -2.8107      -1.7941       1.0000      -1.0000       1555.6       194.54      -2.8107      -1.7941      -1.0000     
         3   15   0.0000       240.00       322.02       49.000       3.0000       137.03      0.49580       2.4205       1.0000      -1.0000       1711.7       137.03      0.49580       2.4205      -1.0000     
         4   15   0.0000       15.000       287.92       6.0000       4.0000       282.52       4.4015      -7.3511       1.0000      -1.0000       1212.6       282.52       4.4015      -7.3511       1.0000     
         5   15   0.0000       75.000       245.39       66.000       5.0000       207.11     -0.47671      -3.1261       1.0000      -1.0000       1546.2       207.11     -0.47671      -3.1261       1.0000     
         6   15   0.0000       255.00       229.03       65.000       6.0000       1.2270      0.17130       7.9982       1.0000      -1.0000       1346.8       1.2270      0.17130       7.9982      -1.0000     
         7   15   0.0000       75.000       130.87       59.000       7.0000       39.089      -6.5966      -4.9482       1.0000      -1.0000       1305.5       39.089      -6.5966      -4.9482       1.0000     
         8   15   0.0000       15.000       0.0000       2.0000       8.0000       358.15      -3.7393      -8.1251       1.0000      -1.0000       974.95       358.15      -3.7393      -8.1251       1.0000     
         9   15   0.0000       90.000       65.436       77.000       9.0000       342.14      -1.2269       3.8072       1.0000      -1.0000       1437.7       342.14      -1.2269       3.8072       1.0000     
        10   15   0.0000       210.00       107.97       10.000       10.000       333.94      0.18498      -3.2020       1.0000      -1.0000       1247.3       333.94      0.18498      -3.2020      -1.0000     
        11   15   0.0000       210.00       215.94       13.000       11.000       170.36      -4.0851      -5.7137       1.0000      -1.0000       1215.6       170.36      -4.0851      -5.7137      -1.0000     
        12   15   0.0000       45.000       335.91       31.000       12.000       105.37       2.3510       3.9770       1.0000      -1.0000       1337.5       105.37       2.3510       3.9770       1.0000     
        13   15   0.0000       210.00       107.97       10.000       13.000       197.44      0.59940       1.9081       1.0000      -1.0000       1186.9       197.44      0.59940       1.9081      -1.0000     
        14   15   0.0000       45.000       215.94       26.000       14.000       216.45       1.8190      -3.6143       1.0000      -1.0000       977.99       216.45       1.8190      -3.6143       1.0000     
        15   15   0.0000       45.000       47.987       19.000       15.000       119.59      -5.2366       4.1124       1.0000      -1.0000       1518.9       119.59      -5.2366       4.1124       1.0000     
        16   15   0.0000       75.000       49.077       54.000       16.000       58.763     -5.96335E-02   1.1879       1.0000      -1.0000       1094.0       58.763     -5.96335E-02   1.1879       1.0000     
        17   15   0.0000       75.000       245.39       66.000       17.000       33.725      -2.5984       9.1267       1.0000      -1.0000       1163.4       33.725      -2.5984       9.1267       1.0000     
        18   15   0.0000       240.00       75.768       36.000       18.000       219.98       2.8942      -4.1174       1.0000      -1.0000       1297.2       219.98       2.8942      -4.1174      -1.0000     
        19   15   0.0000       225.00       167.95       24.000       19.000       300.71       5.8048       5.8570       1.0000      -1.0000       1280.8       300.71       5.8048       5.8570      -1.0000     
        20   15   0.0000       45.000       263.93       28.000       20.000       278.26       5.0860       2.0436       1.0000      -1.0000       1115.3       278.26       5.0860       2.0436       1.0000     
        21   15   0.0000       225.00       239.93       27.000       21.000       189.31     -0.26253       1.2383       1.0000      -1.0000       1204.5       189.31     -0.26253       1.2383      -1.0000     
        22   15   0.0000       90.000       0.0000       73.000       22.000       145.83      0.59200      -4.4328       1.0000      -1.0000       1890.1       145.83      0.59200      -4.4328       1.0000     
        23   15   0.0000       45.000       311.91       30.000       23.000       271.82      0.19095       5.9970       1.0000      -1.0000       1160.8       271.82      0.19095       5.9970       1.0000     
        24   15   0.0000       30.000       0.0000       7.0000       24.000       350.44      -1.1982       1.8097       1.0000      -1.0000       992.06       350.44      -1.1982       1.8097       1.0000     
        25   15   0.0000       30.000       251.93       14.000       25.000       231.53      0.64127       1.4865       1.0000      -1.0000       1218.2       231.53      0.64127       1.4865       1.0000     
        26   15   0.0000       225.00       335.91       31.000       26.000       216.75      -1.6225       11.197       1.0000      -1.0000       1356.7       216.75      -1.6225       11.197      -1.0000     
        27   15   0.0000       270.00       16.359       74.000       27.000       201.15      -5.8956      -4.1523       1.0000      -1.0000       1442.4       201.15      -5.8956      -4.1523      -1.0000     
        28   15   0.0000       45.000       335.91       31.000       28.000       20.661       8.1912     -0.95133       1.0000      -1.0000       1266.3       20.661       8.1912     -0.95133       1.0000     
        29   15   0.0000       240.00       265.19       46.000       29.000       194.79       3.6822       1.5217       1.0000      -1.0000       1225.4       194.79       3.6822       1.5217      -1.0000     
        30   15   0.0000       210.00       287.92       15.000       30.000       168.41     -0.47092       1.2082       1.0000      -1.0000       1252.4       168.41     -0.47092       1.2082      -1.0000     
        31   15   0.0000       210.00       71.980       9.0000       31.000       150.63       9.1524      -4.0290       1.0000      -1.0000       1443.1       150.63       9.1524      -4.0290      -1.0000     
        32   15   0.0000       210.00       107.97       10.000       32.000       271.83       4.8492       3.9531       1.0000      -1.0000       958.37       271.83       4.8492       3.9531      -1.0000     
        33   15   0.0000       45.000       335.91       31.000       33.000       77.414     -0.87089      -1.2058       1.0000      -1.0000       1258.9       77.414     -0.87089      -1.2058       1.0000     
        34   15   0.0000       240.00       265.19       46.000       34.000       275.37      -2.5103       5.1958       1.0000      -1.0000       1338.0       275.37      -2.5103       5.1958      -1.0000     
        35   15   0.0000       45.000       71.980       20.000       35.000       214.04      -4.2797      -2.9483       1.0000      -1.0000       1125.7       214.04      -4.2797      -2.9483       1.0000     
        36   15   0.0000       45.000       311.91       30.000       36.000       250.88       5.3618      -1.7181       1.0000      -1.0000       946.94       250.88       5.3618      -1.7181       1.0000     
        37   15   0.0000       270.00       147.23       82.000       37.000       220.44       8.2335       3.4943       1.0000      -1.0000       1256.1       220.44       8.2335       3.4943      -1.0000     
        38   15   0.0000       225.00       239.93       27.000       38.000       140.76      -5.8434      0.75273       1.0000      -1.0000       1112.1       140.76      -5.8434      0.75273      -1.0000     
        39   15   0.0000       240.00       265.19       46.000       39.000       281.89       3.6053       7.4163       1.0000      -1.0000       1140.2       281.89       3.6053       7.4163      -1.0000     
        40   15   0.0000       60.000       265.19       46.000       40.000       304.39     -0.12443      -6.5423       1.0000      -1.0000       1727.8       304.39     -0.12443      -6.5423       1.0000     
        41   15   0.0000       60.000       322.02       49.000       41.000       306.59       5.9850       3.0298       1.0000      -1.0000       1371.2       306.59       5.9850       3.0298       1.0000     
        42   15   0.0000       15.000       287.92       6.0000       42.000       272.21       3.7800       3.8383       1.0000      -1.0000       923.01       272.21       3.7800       3.8383       1.0000     
        43   15   0.0000       240.00       170.48       41.000       43.000       201.65       4.8105       6.6977       1.0000      -1.0000       1116.6       201.65       4.8105       6.6977      -1.0000     
        44   15   0.0000       255.00       98.155       57.000       44.000       313.76       7.1613      -4.0885       1.0000      -1.0000       1429.6       313.76       7.1613      -4.0885      -1.0000     
        45   15   0.0000       240.00       227.31       44.000       45.000       207.42       7.2351       5.2587       1.0000      -1.0000       1279.7       207.42       7.2351       5.2587      -1.0000     
        46   15   0.0000       15.000       143.96       4.0000       46.000       152.80      -3.6573       7.1151       1.0000      -1.0000       1016.7       152.80      -3.6573       7.1151       1.0000     
        47   15   0.0000       60.000       265.19       46.000       47.000       133.71     -0.25417       11.311       1.0000      -1.0000       1425.6       133.71     -0.25417       11.311       1.0000     
        48   15   0.0000       225.00       95.973       21.000       48.000       321.76       7.6322       1.8080       1.0000      -1.0000       1365.9       321.76       7.6322       1.8080      -1.0000     
        49   15   0.0000       225.00       239.93       27.000       49.000       204.21      -4.8439       1.8997       1.0000      -1.0000       1161.5       204.21      -4.8439       1.8997      -1.0000     
        50   15   0.0000       75.000       16.359       52.000       50.000       177.19      -1.6048      -8.0886       1.0000      -1.0000       1152.2       177.19      -1.6048      -8.0886       1.0000     
        51   15   0.0000       240.00       265.19       46.000       51.000       278.53      -8.8018      -4.7464       1.0000      -1.0000       956.16       278.53      -8.8018      -4.7464      -1.0000     
        52   15   0.0000       45.000       311.91       30.000       52.000       101.07      0.42631      -8.2352       1.0000      -1.0000       1063.0       101.07      0.42631      -8.2352       1.0000     
        53   15   0.0000       225.00       263.93       28.000       53.000       137.40      -1.3183       1.5184       1.0000      -1.0000       1191.5       137.40      -1.3183       1.5184      -1.0000     
        54   15   0.0000       75.000       32.718       53.000       54.000       120.22      -3.6214      -2.1524       1.0000      -1.0000       1086.1       120.22      -3.6214      -2.1524       1.0000     
        55   15   0.0000       60.000       208.36       43.000       55.000       205.19       2.1819       2.2889       1.0000      -1.0000       1110.9       205.19       2.1819       2.2889       1.0000     
        56   15   0.0000       90.000       65.436       77.000       56.000       188.49      0.79692      -8.2076       1.0000      -1.0000       1137.6       188.49      0.79692      -8.2076       1.0000     
        57   15   0.0000       255.00       278.10       68.000       57.000       61.935      -9.0583       4.2364       1.0000      -1.0000       845.49       61.935      -9.0583       4.2364      -1.0000     
        58   15   0.0000       240.00       75.768       36.000       58.000       133.87       3.0509       2.4685       1.0000      -1.0000       1281.9       133.87       3.0509       2.4685      -1.0000     
        59   15   0.0000       75.000       16.359       52.000       59.000       12.703      -1.7592      -7.8042       1.0000      -1.0000       914.30       12.703      -1.7592      -7.8042       1.0000     
        60   15   0.0000       270.00       16.359       74.000       60.000       69.087      -6.7591      -4.7239       1.0000      -1.0000       1112.9       69.087      -6.7591      -4.7239      -1.0000     
        61   15   0.0000       255.00       261.75       67.000       61.000       327.66      -1.2423       1.6189       1.0000      -1.0000       1241.5       327.66      -1.2423       1.6189      -1.0000     
        62   15   0.0000       60.000       37.884       34.000       62.000       118.72       3.6763       2.5466       1.0000      -1.0000       1154.1       118.72       3.6763       2.5466       1.0000     
        63   15   0.0000       225.00       263.93       28.000       63.000       148.38      -5.6063       3.5711       1.0000      -1.0000       1026.6       148.38      -5.6063       3.5711      -1.0000     
        64   15   0.0000       45.000       0.0000       17.000       64.000       94.074      0.26973       1.0289       1.0000      -1.0000       1103.6       94.074      0.26973       1.0289       1.0000     
        65   15   0.0000       75.000       49.077       54.000       65.000       201.85      -2.9770      -7.4255       1.0000      -1.0000       922.89       201.85      -2.9770      -7.4255       1.0000     
        66   15   0.0000       225.00       263.93       28.000       66.000       180.05      -6.5713      -5.8845       1.0000      -1.0000       1084.0       180.05      -6.5713      -5.8845      -1.0000     
        67   15   0.0000       225.00       23.993       18.000       67.000       254.37       1.4688      -4.9181       1.0000      -1.0000       1194.2       254.37       1.4688      -4.9181      -1.0000     
        68   15   0.0000       60.000       151.54       40.000       68.000       181.46      -1.7960       8.0483       1.0000      -1.0000       1102.3       181.46      -1.7960       8.0483       1.0000     
        69   15   0.0000       255.00       32.718       53.000       69.000       3.8146       4.0183       6.3163       1.0000      -1.0000       1257.7       3.8146       4.0183       6.3163      -1.0000     
        70   15   0.0000       75.000       49.077       54.000       70.000       31.921      -2.8663       2.9638       1.0000      -1.0000       1167.3       31.921      -2.8663       2.9638       1.0000     
        71   15   0.0000       0.0000       0.0000       1.0000       71.000       355.39       3.7898      -1.0801       1.0000      -1.0000       903.23       355.39       3.7898      -1.0801       1.0000     
        72   15   0.0000       225.00       263.93       28.000       72.000       194.25       5.6351       3.0133       1.0000      -1.0000       933.48       194.25       5.6351       3.0133      -1.0000     
        73   15   0.0000       240.00       322.02       49.000       73.000       34.063      -5.5609      -1.9259       1.0000      -1.0000       983.87       34.063      -5.5609      -1.9259      -1.0000     
        74   15   0.0000       210.00       71.980       9.0000       74.000       106.47       1.8136       6.6844       1.0000      -1.0000       1130.9       106.47       1.8136       6.6844      -1.0000     
        75   15   0.0000       255.00       261.75       67.000       75.000       275.03       3.4175       4.5535       1.0000      -1.0000       1156.2       275.03       3.4175       4.5535      -1.0000     
        76   15   0.0000       15.000       143.96       4.0000       76.000       131.25       1.3779       3.8416       1.0000      -1.0000       1050.3       131.25       1.3779       3.8416       1.0000     
        77   15   0.0000       255.00       261.75       67.000       77.000       339.75      -3.7338       1.4551       1.0000      -1.0000       1007.6       339.75      -3.7338       1.4551      -1.0000     
        78   15   0.0000       240.00       246.25       45.000       78.000       230.83       8.5401      0.10088       1.0000      -1.0000       1109.1       230.83       8.5401      0.10088      -1.0000     
        79   15   0.0000       255.00       65.436       55.000       79.000       72.742     -0.20303       3.0310       1.0000      -1.0000       1050.8       72.742     -0.20303       3.0310      -1.0000     
        80   15   0.0000       240.00       246.25       45.000       80.000       302.90     -4.21972E-02   5.0396       1.0000      -1.0000       1192.0       302.90     -4.21972E-02   5.0396      -1.0000     
        81   15   0.0000       240.00       284.13       47.000       81.000       131.18       3.2577      -4.5547       1.0000      -1.0000       1193.6       131.18       3.2577      -4.5547      -1.0000     
        82   15   0.0000       45.000       335.91       31.000       82.000       127.23      -1.3984      -7.3128       1.0000      -1.0000       1027.3       127.23      -1.3984      -7.3128       1.0000     
        83   15   0.0000       255.00       16.359       52.000       83.000       200.96     -9.97254E-02  -6.0761       1.0000      -1.0000       1296.4       200.96     -9.97254E-02  -6.0761      -1.0000     
        84   15   0.0000       240.00       189.42       42.000       84.000       200.34      -7.1215      -4.8253       1.0000      -1.0000       1036.1       200.34      -7.1215      -4.8253      -1.0000     
        85   15   0.0000       240.00       246.25       45.000       85.000       270.86      -1.8251      0.60462       1.0000      -1.0000       1172.4       270.86      -1.8251      0.60462      -1.0000     
        86   15   0.0000       60.000       37.884       34.000       86.000       30.492       5.7359      -2.3857       1.0000      -1.0000       964.73       30.492       5.7359      -2.3857       1.0000     
        87   15   0.0000       240.00       303.07       48.000       87.000       324.51      -4.2562      0.31049       1.0000      -1.0000       1304.3       324.51      -4.2562      0.31049      -1.0000     
        88   15   0.0000       90.000       65.436       77.000       88.000       163.61      0.61757      -1.5887       1.0000      -1.0000       1253.0       163.61      0.61757      -1.5887       1.0000     
        89   15   0.0000       75.000       196.31       63.000       89.000       245.70       4.3614      -2.1673       1.0000      -1.0000       1080.5       245.70       4.3614      -2.1673       1.0000     
        90   15   0.0000       90.000       65.436       77.000       90.000       200.27       4.7338      -10.276       1.0000      -1.0000       962.68       200.27       4.7338      -10.276       1.0000     
        91   15   0.0000       45.000       287.92       29.000       91.000       57.303       7.8127       2.6385       1.0000      -1.0000       1161.5       57.303       7.8127       2.6385       1.0000     
        92   15   0.0000       195.00       287.92       6.0000       92.000       104.72       3.1986      -2.2164       1.0000      -1.0000       1088.7       104.72       3.1986      -2.2164      -1.0000     
        93   15   0.0000       255.00       278.10       68.000       93.000       135.07      -5.6642      -5.6495       1.0000      -1.0000       1110.6       135.07      -5.6642      -5.6495      -1.0000     
        94   15   0.0000       225.00       239.93       27.000       94.000       294.58      -2.2091       3.4118       1.0000      -1.0000       1150.1       294.58      -2.2091       3.4118      -1.0000     
        95   15   0.0000       210.00       323.91       16.000       95.000       126.44     -0.27750      -4.6382       1.0000      -1.0000       1092.0       126.44     -0.27750      -4.6382      -1.0000     
        96   15   0.0000       240.00       303.07       48.000       96.000       115.74      -3.6815      0.84574       1.0000      -1.0000       1132.6       115.74      -3.6815      0.84574      -1.0000     
        97   15   0.0000       240.00       303.07       48.000       97.000       62.374      -3.3783      -10.798       1.0000      -1.0000       1177.9       62.374      -3.3783      -10.798      -1.0000     
        98   15   0.0000       45.000       287.92       29.000       98.000       69.295       1.3181       1.6948       1.0000      -1.0000       1106.4       69.295       1.3181       1.6948       1.0000     
        99   15   0.0000       225.00       239.93       27.000       99.000       163.10     -0.46215       1.0196       1.0000      -1.0000       1118.2       163.10     -0.46215       1.0196      -1.0000     
       100   15   0.0000       240.00       265.19       46.000       100.00       334.13      -2.6449       3.1630       1.0000      -1.0000       1206.4       334.13      -2.6449       3.1630      -1.0000     
