 ;    DENOISED VALUES
    1 1  3.061782E-02 
    2 1   1.23006     
    3 1  0.393836     
    4 1  0.178203     
    5 1  0.119674     
    6 1  5.457414E-02 
    7 1  6.157616E-02 
    8 1  5.375711E-02 
    9 1  4.325169E-02 
   10 1  2.647107E-02 
   11 1  1.397833E-02 
   12 1  1.464466E-02 
   13 1  1.890292E-02 
   14 1  2.078629E-02 
   15 1  1.931701E-02 
   16 1  2.372370E-02 
   17 1  1.783483E-02 
   18 1  2.673507E-02 
   19 1  2.506639E-02 
   20 1  2.595178E-02 
   21 1  1.889110E-02 
   22 1  2.177139E-02 
   23 1  2.768671E-02 
   24 1  2.457482E-02 
   25 1  2.013120E-02 
   26 1  3.319197E-02 
   27 1  2.768554E-02 
   28 1  3.041005E-02 
   29 1  3.953170E-02 
   30 1  3.023964E-02 
   31 1  4.171123E-02 
   32 1  5.061956E-02 
   33 1  5.232032E-02 
   34 1  5.772242E-02 
   35 1  6.302239E-02 
   36 1  6.330718E-02 
   37 1  6.551421E-02 
   38 1  6.611447E-02 
   39 1  8.192326E-02 
   40 1  8.293520E-02 
   41 1  8.352219E-02 
   42 1  8.946552E-02 
   43 1  8.226241E-02 
   44 1  0.100273     
   45 1  0.105978     
   46 1  0.114772     
   47 1  0.132113     
   48 1  0.135014     
   49 1  0.127292     
   50 1  0.140393     
   51 1  0.156131     
   52 1  0.143530     
   53 1  0.156264     
   54 1  0.155575     
   55 1  0.159240     
   56 1  0.149830     
   57 1  0.156330     
   58 1  0.168967     
   59 1  0.165961     
   60 1  0.171127     
   61 1  0.163852     
   62 1  0.170348     
   63 1  0.171116     
   64 1  0.186963     
   65 1  0.168640     
   66 1  0.154761     
   67 1  0.170150     
   68 1  0.172217     
   69 1  0.163520     
   70 1  0.169781     
   71 1  0.164041     
   72 1  0.155384     
   73 1  0.172781     
   74 1  0.159944     
   75 1  0.152549     
   76 1  0.159753     
   77 1  0.149443     
   78 1  0.159838     
   79 1  0.153459     
   80 1  0.172732     
   81 1  0.162633     
   82 1  0.150059     
   83 1  0.150549     
   84 1  0.163009     
   85 1  0.150820     
   86 1  0.150949     
   87 1  0.153527     
   88 1  0.146324     
   89 1  0.147197     
   90 1  0.137830     
   91 1  0.131431     
   92 1  0.142571     
   93 1  0.151879     
   94 1  0.152600     
   95 1  0.143221     
   96 1  0.134869     
   97 1  0.143358     
   98 1  0.137510     
   99 1  0.137842     
  100 1  0.132897     
  101 1  0.127383     
  102 1  0.127885     
  103 1  0.129637     
  104 1  0.136798     
  105 1  0.130504     
  106 1  0.127351     
  107 1  0.126085     
  108 1  0.122943     
  109 1  0.119485     
  110 1  0.115143     
  111 1  0.120227     
  112 1  0.113294     
  113 1  0.109054     
  114 1  0.104798     
  115 1  0.118387     
  116 1  0.105490     
  117 1  0.106005     
  118 1  0.105812     
  119 1  9.944324E-02 
  120 1  0.104010     
  121 1  0.102819     
  122 1  9.919934E-02 
  123 1  9.709708E-02 
  124 1  9.470560E-02 
  125 1  0.100672     
  126 1  9.214869E-02 
  127 1  9.616160E-02 
  128 1  9.544612E-02 
  129 1  8.580919E-02 
  130 1  8.720633E-02 
  131 1  7.840359E-02 
  132 1  8.369389E-02 
  133 1  8.622482E-02 
  134 1  8.104354E-02 
  135 1  8.227438E-02 
  136 1  7.974662E-02 
  137 1  7.336570E-02 
  138 1  7.082107E-02 
  139 1  6.799514E-02 
  140 1  6.458554E-02 
  141 1  6.258410E-02 
  142 1  5.986257E-02 
  143 1  5.918868E-02 
  144 1  5.665545E-02 
  145 1  5.708311E-02 
  146 1  5.636003E-02 
  147 1  4.984475E-02 
  148 1  5.042106E-02 
  149 1  4.883421E-02 
  150 1  4.232058E-02 
  151 1  4.524639E-02 
  152 1  4.528367E-02 
  153 1  4.261388E-02 
  154 1  3.929239E-02 
  155 1  3.957751E-02 
  156 1  3.364602E-02 
  157 1  3.214910E-02 
  158 1  2.872889E-02 
  159 1  2.600335E-02 
  160 1  2.968831E-02 
  161 1  2.689445E-02 
  162 1  2.065758E-02 
  163 1  2.045774E-02 
  164 1  1.611636E-02 
  165 1  1.496313E-02 
  166 1  1.429684E-02 
  167 1  1.379830E-02 
  168 1  1.046662E-02 
  169 1  1.088479E-02 
  170 1  7.197686E-03 
  171 1  6.681018E-03 
  172 1  6.407805E-03 
  173 1  4.506290E-03 
  174 1  3.304258E-03 
  175 1  3.375523E-03 
  176 1  4.429251E-03 
  177 1  4.066139E-03 
  178 1  2.213635E-03 
  179 1  1.195431E-03 
  180 1  4.397981E-03 
  181 1  5.220518E-03 
  182 1  3.897905E-03 
  183 1  3.365368E-03 
  184 1  3.133476E-03 
  185 1  5.068623E-03 
  186 1  4.638270E-03 
  187 1  5.745627E-03 
  188 1  7.196903E-03 
  189 1  9.101674E-03 
  190 1  8.305453E-03 
  191 1  1.138521E-02 
  192 1  1.378854E-02 
  193 1  1.324340E-02 
  194 1  1.465671E-02 
  195 1  1.732616E-02 
  196 1  1.768131E-02 
  197 1  2.013031E-02 
  198 1  2.221350E-02 
  199 1  2.282545E-02 
  200 1  2.416906E-02 
  201 1  2.387049E-02 
  202 1  2.622167E-02 
  203 1  2.439791E-02 
  204 1  2.964590E-02 
  205 1  2.697480E-02 
  206 1  3.133282E-02 
  207 1  3.127499E-02 
  208 1  3.113098E-02 
  209 1  2.995987E-02 
  210 1  3.085292E-02 
  211 1  3.316556E-02 
  212 1  3.240059E-02 
  213 1  3.407538E-02 
  214 1  3.329518E-02 
  215 1  3.263334E-02 
  216 1  2.993429E-02 
  217 1  3.155470E-02 
  218 1  3.035694E-02 
  219 1  3.172125E-02 
  220 1  3.190239E-02 
  221 1  3.066961E-02 
  222 1  3.143687E-02 
  223 1  2.932005E-02 
  224 1  2.765398E-02 
  225 1  2.787480E-02 
  226 1  2.787063E-02 
  227 1  2.701797E-02 
  228 1  2.408306E-02 
  229 1  2.447084E-02 
  230 1  2.406086E-02 
  231 1  1.964001E-02 
  232 1  1.791712E-02 
  233 1  1.668091E-02 
  234 1  1.629015E-02 
  235 1  1.537350E-02 
  236 1  1.361706E-02 
  237 1  1.186235E-02 
  238 1  1.041751E-02 
  239 1  9.426169E-03 
  240 1  9.401407E-03 
  241 1  7.750958E-03 
  242 1  5.396437E-03 
  243 1  5.389247E-03 
  244 1  5.122561E-03 
  245 1  3.212728E-03 
  246 1  3.389984E-03 
  247 1  1.515955E-03 
  248 1  1.919892E-03 
  249 1  9.522587E-05 
  250 1   0.00000     
  251 1  4.363507E-04 
  252 1  1.305021E-03 
  253 1  1.607932E-03 
  254 1  1.613390E-03 
  255 1  2.214529E-03 
  256 1  2.993848E-03 
  257 1  3.785521E-03 
  258 1  4.356671E-03 
  259 1  5.169384E-03 
  260 1  7.491443E-03 
  261 1  7.214736E-03 
  262 1  6.190751E-03 
  263 1  7.858507E-03 
  264 1  8.637678E-03 
  265 1  9.651016E-03 
  266 1  1.174029E-02 
  267 1  1.303755E-02 
  268 1  1.127727E-02 
  269 1  1.260704E-02 
  270 1  1.215410E-02 
  271 1  1.347738E-02 
  272 1  1.301037E-02 
  273 1  1.445337E-02 
  274 1  1.619635E-02 
  275 1  1.373328E-02 
  276 1  1.279917E-02 
  277 1  1.416462E-02 
  278 1  1.398455E-02 
  279 1  1.432104E-02 
  280 1  1.258423E-02 
  281 1  1.275618E-02 
  282 1  1.206369E-02 
  283 1  1.243375E-02 
  284 1  1.092092E-02 
  285 1  1.079081E-02 
  286 1  9.226013E-03 
  287 1  1.012698E-02 
  288 1  9.003494E-03 
  289 1  8.686848E-03 
  290 1  6.315198E-03 
  291 1  8.156218E-03 
  292 1  6.760471E-03 
  293 1  4.846506E-03 
  294 1  3.998086E-03 
  295 1  3.978018E-03 
  296 1  3.591806E-03 
  297 1  2.253380E-03 
  298 1  1.340859E-03 
  299 1  1.339484E-03 
  300 1  1.823653E-03 
  301 1  1.594342E-03 
  302 1  1.540754E-03 
  303 1  1.299363E-03 
  304 1  2.312213E-03 
  305 1  2.379876E-03 
  306 1  2.119765E-04 
  307 1  1.605906E-03 
  308 1  9.005815E-04 
  309 1  1.860689E-03 
  310 1  2.566107E-03 
  311 1  2.690103E-03 
  312 1  3.237940E-03 
  313 1  3.958225E-03 
  314 1  4.483085E-03 
  315 1  5.049288E-03 
  316 1  4.135381E-03 
  317 1  5.434088E-03 
  318 1  5.458258E-03 
  319 1  5.987395E-03 
  320 1  5.754154E-03 
  321 1  6.002944E-03 
  322 1  6.345704E-03 
  323 1  7.178884E-03 
  324 1  6.621804E-03 
  325 1  6.406259E-03 
  326 1  6.871141E-03 
  327 1  7.457674E-03 
  328 1  7.518336E-03 
  329 1  7.559340E-03 
  330 1  7.105783E-03 
  331 1  6.487414E-03 
  332 1  5.234145E-03 
  333 1  5.961139E-03 
  334 1  6.429799E-03 
  335 1  5.165309E-03 
  336 1  4.544411E-03 
  337 1  5.503643E-03 
  338 1  3.708765E-03 
  339 1  3.340922E-03 
  340 1  2.974261E-03 
  341 1  2.782770E-03 
  342 1  2.438638E-03 
  343 1  2.798863E-03 
  344 1  1.881011E-03 
  345 1  1.535818E-03 
  346 1  1.033422E-03 
  347 1  1.466408E-03 
  348 1  7.283725E-04 
  349 1  5.778000E-04 
  350 1  6.051958E-04 
  351 1   0.00000     
  352 1  1.864560E-03 
  353 1  9.696633E-04 
  354 1  4.728213E-04 
  355 1  6.956235E-04 
  356 1  6.454811E-04 
  357 1  7.456727E-04 
  358 1  1.486767E-03 
  359 1  1.735374E-03 
  360 1  2.520949E-03 
  361 1  2.217017E-03 
  362 1  2.296932E-03 
  363 1  1.983546E-03 
  364 1  2.761025E-03 
  365 1  2.988867E-03 
  366 1  2.218492E-03 
  367 1  2.996620E-03 
  368 1  2.424490E-03 
  369 1  2.636161E-03 
  370 1  3.556695E-03 
  371 1  3.199313E-03 
  372 1  3.473196E-03 
  373 1  3.554240E-03 
  374 1  3.004443E-03 
  375 1  2.360854E-03 
  376 1  3.276456E-03 
  377 1  4.220735E-03 
  378 1  2.785053E-03 
  379 1  1.511570E-03 
  380 1  2.420083E-03 
  381 1  2.574664E-03 
  382 1  2.067417E-03 
  383 1  1.346868E-03 
  384 1  1.566928E-03 
  385 1  1.235623E-03 
  386 1  9.509288E-04 
  387 1  8.125529E-04 
  388 1  1.137663E-03 
  389 1  4.682504E-04 
  390 1  2.265126E-04 
  391 1   0.00000     
  392 1  1.160428E-05 
  393 1  3.065467E-04 
  394 1   0.00000     
  395 1  3.205538E-04 
  396 1  8.449331E-05 
  397 1   0.00000     
  398 1  2.006069E-05 
  399 1   0.00000     
  400 1   0.00000     
  401 1  7.905215E-04 
  402 1  6.950386E-04 
  403 1  3.949031E-04 
  404 1  3.192984E-04 
  405 1  8.783415E-04 
  406 1  5.565584E-05 
  407 1   0.00000     
  408 1  6.738752E-04 
  409 1  1.126446E-03 
  410 1  1.513340E-03 
  411 1  1.704354E-03 
  412 1  1.859136E-03 
  413 1  1.544807E-03 
  414 1  1.215380E-03 
  415 1  9.733848E-04 
  416 1  1.187928E-03 
  417 1  1.368091E-03 
  418 1  1.069777E-03 
  419 1  3.650524E-04 
  420 1  2.177842E-04 
  421 1   0.00000     
  422 1  3.677160E-04 
  423 1  7.510222E-04 
  424 1   0.00000     
  425 1  3.932714E-04 
  426 1  2.623200E-04 
  427 1  7.700399E-04 
  428 1  1.265369E-04 
  429 1   0.00000     
  430 1   0.00000     
  431 1  4.307106E-04 
  432 1   0.00000     
  433 1  2.527647E-04 
  434 1   0.00000     
  435 1   0.00000     
  436 1   0.00000     
  437 1   0.00000     
  438 1   0.00000     
  439 1   0.00000     
  440 1   0.00000     
  441 1  4.718713E-04 
  442 1   0.00000     
  443 1   0.00000     
  444 1   0.00000     
  445 1  2.975650E-04 
  446 1  4.232116E-04 
  447 1   0.00000     
  448 1   0.00000     
  449 1  1.742281E-04 
  450 1  4.437566E-05 
  451 1  1.088195E-04 
  452 1   0.00000     
  453 1  2.650060E-04 
  454 1  5.675852E-04 
  455 1   0.00000     
  456 1  9.357929E-06 
  457 1   0.00000     
  458 1  5.327910E-05 
  459 1   0.00000     
  460 1   0.00000     
  461 1   0.00000     
  462 1   0.00000     
  463 1  3.287122E-04 
  464 1  3.909841E-04 
  465 1   0.00000     
  466 1   0.00000     
  467 1   0.00000     
  468 1   0.00000     
  469 1   0.00000     
  470 1   0.00000     
  471 1   0.00000     
  472 1   0.00000     
  473 1   0.00000     
  474 1   0.00000     
  475 1   0.00000     
  476 1   0.00000     
  477 1   0.00000     
  478 1   0.00000     
  479 1   0.00000     
  480 1   0.00000     
  481 1   0.00000     
  482 1   0.00000     
  483 1   0.00000     
  484 1   0.00000     
  485 1   0.00000     
  486 1   0.00000     
  487 1   0.00000     
  488 1   0.00000     
  489 1   0.00000     
  490 1   0.00000     
  491 1   0.00000     
  492 1   0.00000     
  493 1   0.00000     
  494 1   0.00000     
  495 1   0.00000     
  496 1   0.00000     
  497 1   0.00000     
  498 1   0.00000     
  499 1   0.00000     
  500 1   0.00000     
  501 1  1.727790E-05 
  502 1   0.00000     
  503 1   0.00000     
  504 1   0.00000     
  505 1   0.00000     
  506 1   0.00000     
  507 1   0.00000     
  508 1   0.00000     
  509 1   0.00000     
  510 1   0.00000     
  511 1  8.776970E-05 
  512 1   0.00000     
