 ;spi/dat   15-OCT-2015 AT 12:16:03   tfl_doc.dat
 ; KEY=RAD. TRANSFER   RAD(PIX^-1}
    1 2 -0.110432       0.00000     
    2 2 -0.123454      2.777778E-03 
    3 2 -0.162385      5.555556E-03 
    4 2 -0.226683      8.333334E-03 
    5 2 -0.315001      1.111111E-02 
    6 2 -0.424554      1.388889E-02 
    7 2 -0.550284      1.666667E-02 
    8 2 -0.683950      1.944445E-02 
    9 2 -0.813325      2.222222E-02 
   10 2 -0.921819      2.500000E-02 
   11 2 -0.988931      2.777778E-02 
   12 2 -0.992020      3.055556E-02 
   13 2 -0.909806      3.333334E-02 
   14 2 -0.727752      3.611111E-02 
   15 2 -0.444883      3.888889E-02 
   16 2 -8.074654E-02  4.166667E-02 
   17 2  0.319865      4.444445E-02 
   18 2  0.687629      4.722222E-02 
   19 2  0.938085      5.000000E-02 
   20 2  0.991391      5.277778E-02 
   21 2  0.800560      5.555556E-02 
   22 2  0.380902      5.833333E-02 
   23 2 -0.172026      6.111111E-02 
   24 2 -0.690907      6.388889E-02 
   25 2 -0.981624      6.666667E-02 
   26 2 -0.900342      6.944445E-02 
   27 2 -0.436873      7.222223E-02 
   28 2  0.240133      7.500000E-02 
   29 2  0.821086      7.777778E-02 
   30 2  0.990285      8.055556E-02 
   31 2  0.611634      8.333334E-02 
   32 2 -0.140749      8.611111E-02 
   33 2 -0.823035      8.888889E-02 
   34 2 -0.969499      9.166667E-02 
   35 2 -0.430757      9.444445E-02 
   36 2  0.442761      9.722222E-02 
   37 2  0.983492      0.100000     
   38 2  0.714866      0.102778     
   39 2 -0.184966      0.105556     
   40 2 -0.930086      0.108333     
   41 2 -0.790847      0.111111     
   42 2  0.148147      0.113889     
   43 2  0.944386      0.116667     
   44 2  0.712270      0.119444     
   45 2 -0.339648      0.122222     
   46 2 -0.998268      0.125000     
   47 2 -0.424274      0.127778     
   48 2  0.702885      0.130556     
   49 2  0.899419      0.133333     
   50 2 -0.150793      0.136111     
   51 2 -0.992380      0.138889     
   52 2 -0.363791      0.141667     
   53 2  0.828109      0.144444     
   54 2  0.711566      0.147222     
   55 2 -0.571623      0.150000     
   56 2 -0.894286      0.152778     
   57 2  0.338659      0.155556     
   58 2  0.968147      0.158333     
   59 2 -0.185623      0.161111     
   60 2 -0.989307      0.163889     
   61 2  0.131689      0.166667     
   62 2  0.989679      0.169444     
   63 2 -0.180544      0.172222     
   64 2 -0.970066      0.175000     
   65 2  0.328818      0.177778     
   66 2  0.900102      0.180556     
   67 2 -0.558477      0.183333     
   68 2 -0.724655      0.186111     
   69 2  0.815722      0.188889     
   70 2  0.386784      0.191667     
   71 2 -0.988544      0.194444     
   72 2  0.119772      0.197222     
   73 2  0.914060      0.200000     
   74 2 -0.675073      0.202778     
   75 2 -0.462074      0.205556     
   76 2  0.994489      0.208333     
   77 2 -0.291906      0.211111     
   78 2 -0.749599      0.213889     
   79 2  0.923217      0.216667     
   80 2 -8.438257E-02  0.219444     
   81 2 -0.831338      0.222222     
   82 2  0.900073      0.225000     
   83 2 -0.105468      0.227778     
   84 2 -0.772485      0.230556     
   85 2  0.962556      0.233333     
   86 2 -0.351818      0.236111     
   87 2 -0.523891      0.238889     
   88 2  0.990998      0.241667     
   89 2 -0.748485      0.244444     
   90 2  1.225658E-02  0.247222     
   91 2  0.714190      0.250000     
   92 2 -0.999978      0.252778     
   93 2  0.722895      0.255556     
   94 2 -7.746776E-02  0.258333     
   95 2 -0.586839      0.261111     
   96 2  0.965169      0.263889     
   97 2 -0.925462      0.266667     
   98 2  0.526727      0.269444     
   99 2  4.705820E-02  0.272222     
  100 2 -0.583637      0.275000     
  101 2  0.922169      0.277778     
  102 2 -0.991867      0.280556     
  103 2  0.809939      0.283333     
  104 2 -0.453400      0.286111     
  105 2  2.272255E-02  0.288889     
  106 2  0.388937      0.291667     
  107 2 -0.714616      0.294444     
  108 2  0.919603      0.297222     
  109 2 -0.998301      0.300000     
  110 2  0.966002      0.302778     
  111 2 -0.849482      0.305556     
  112 2  0.678907      0.308333     
  113 2 -0.482133      0.311111     
  114 2  0.281585      0.313889     
  115 2 -9.318019E-02  0.316667     
  116 2 -7.323589E-02  0.319444     
  117 2  0.212856      0.322222     
  118 2 -0.324156      0.325000     
  119 2  0.408081      0.327778     
  120 2 -0.466297      0.330556     
  121 2  0.500692      0.333333     
  122 2 -0.512695      0.336111     
  123 2  0.502736      0.338889     
  124 2 -0.470499      0.341667     
  125 2  0.414639      0.344444     
  126 2 -0.333412      0.347222     
  127 2  0.224904      0.350000     
  128 2 -8.836850E-02  0.352778     
  129 2 -7.516558E-02  0.355556     
  130 2  0.261147      0.358333     
  131 2 -0.460460      0.361111     
  132 2  0.657990      0.363889     
  133 2 -0.832174      0.366667     
  134 2  0.956009      0.369444     
  135 2 -0.999844      0.372222     
  136 2  0.936491      0.375000     
  137 2 -0.749116      0.377778     
  138 2  0.440128      0.380556     
  139 2 -3.949283E-02  0.383333     
  140 2 -0.391080      0.386111     
  141 2  0.763235      0.388889     
  142 2 -0.977861      0.391667     
  143 2  0.953589      0.394444     
  144 2 -0.661635      0.397222     
  145 2  0.155401      0.400000     
  146 2  0.422249      0.402778     
  147 2 -0.868912      0.405556     
  148 2  0.992281      0.408333     
  149 2 -0.702789      0.411111     
  150 2  8.702183E-02  0.413889     
  151 2  0.589078      0.416667     
  152 2 -0.980328      0.419444     
  153 2  0.842787      0.422222     
  154 2 -0.208920      0.425000     
  155 2 -0.569966      0.427778     
  156 2  0.992510      0.430556     
  157 2 -0.735601      0.433333     
  158 2 -6.501078E-02  0.436111     
  159 2  0.831320      0.438889     
  160 2 -0.938683      0.441667     
  161 2  0.249977      0.444444     
  162 2  0.672955      0.447222     
  163 2 -0.983290      0.450000     
  164 2  0.340290      0.452778     
  165 2  0.657856      0.455556     
  166 2 -0.972019      0.458333     
  167 2  0.217240      0.461111     
  168 2  0.795768      0.463889     
  169 2 -0.870991      0.466667     
  170 2 -0.130984      0.469444     
  171 2  0.974553      0.472222     
  172 2 -0.530296      0.475000     
  173 2 -0.646922      0.477778     
  174 2  0.913145      0.480556     
  175 2  0.160060      0.483333     
  176 2 -0.997269      0.486111     
  177 2  0.280096      0.488889     
  178 2  0.891786      0.491667     
  179 2 -0.589611      0.494444     
  180 2 -0.719863      0.497222     
  181 2  0.770331      0.500000     
