 ;spi/dat   30-JUN-2016 AT 10:29:21   tflis_doc.dat
 ;             DEFOCUS  RAD_FIRST_MIN(PIX)  RAD_FIRST_ZERO(PIX)
 ;     998 3   48600.0       22.0000       32.0000    
 ;  -------------------
 ;             DEFOCUS  RAD_FIRST_MIN(A)  RAD_FIRST_ZERO(A)
 ;     999 3   48600.0       43.8545       31.1226    
 ;  -------------------
 ;   TRANSFER:
 ;        RAD(1/PIX),    RAD(1/A),  STRAIGHT,     -STRAIGHT,      FLIPPED,      TRAPPED,     ENVELOPE,    DIFFRACTOGRAM
    1 8   0.00000       0.00000     -0.110432      0.110432       1.00000       1.00000       1.00000      1.219512E-02 
    2 8  2.777778E-03  1.036484E-03 -0.113691      0.113691       1.00000       1.00000       1.00000      1.292573E-02 
    3 8  5.555556E-03  2.072969E-03 -0.123463      0.123463       1.00000       1.00000       1.00000      1.524322E-02 
    4 8  8.333334E-03  3.109453E-03 -0.139723      0.139723       1.00000       1.00000       1.00000      1.952256E-02 
    5 8  1.111111E-02  4.145937E-03 -0.162423      0.162423       1.00000       1.00000       1.00000      2.638110E-02 
    6 8  1.388889E-02  5.182421E-03 -0.191480      0.191480       1.00000       1.00000       1.00000      3.666459E-02 
    7 8  1.666667E-02  6.218906E-03 -0.226765      0.226765       1.00000       1.00000       1.00000      5.142254E-02 
    8 8  1.944445E-02  7.255390E-03 -0.268082      0.268082       1.00000       1.00000       1.00000      7.186797E-02 
    9 8  2.222222E-02  8.291874E-03 -0.315144      0.315144       1.00000       1.00000       1.00000      9.931599E-02 
   10 8  2.500000E-02  9.328358E-03 -0.367553      0.367553       1.00000       1.00000       1.00000      0.135095     
   11 8  2.777778E-02  1.036484E-02 -0.424768      0.424768       1.00000       1.00000       1.00000      0.180428     
   12 8  3.055556E-02  1.140133E-02 -0.486077      0.486077       1.00000       1.00000       1.00000      0.236271     
   13 8  3.333334E-02  1.243781E-02 -0.550568      0.550568       1.00000       1.00000       1.00000      0.303126     
   14 8  3.611111E-02  1.347430E-02 -0.617103      0.617103       1.00000       1.00000       1.00000      0.380816     
   15 8  3.888889E-02  1.451078E-02 -0.684288      0.684288       1.00000       1.00000       1.00000      0.468250     
   16 8  4.166667E-02  1.554726E-02 -0.750460      0.750460       1.00000       1.00000       1.00000      0.563190     
   17 8  4.444445E-02  1.658375E-02 -0.813677      0.813677       1.00000       1.00000       1.00000      0.662070     
   18 8  4.722222E-02  1.762023E-02 -0.871720      0.871720       1.00000       1.00000       1.00000      0.759895     
   19 8  5.000000E-02  1.865672E-02 -0.922115      0.922115       1.00000       1.00000       1.00000      0.850297     
   20 8  5.277778E-02  1.969320E-02 -0.962177      0.962177       1.00000       1.00000       1.00000      0.925785     
   21 8  5.555556E-02  2.072969E-02 -0.989071      0.989071       1.00000       1.00000       1.00000      0.978261     
   22 8  5.833333E-02  2.176617E-02 -0.999909      0.999909       1.00000      0.999909       1.00000      0.999818     
   23 8  6.111111E-02  2.280265E-02 -0.991875      0.991875       1.00000      0.991875       1.00000      0.983816     
   24 8  6.388889E-02  2.383914E-02 -0.962379      0.962379       1.00000      0.962379       1.00000      0.926173     
   25 8  6.666667E-02  2.487562E-02 -0.909241      0.909241       1.00000      0.909241       1.00000      0.826719     
   26 8  6.944445E-02  2.591211E-02 -0.830903      0.830903       1.00000      0.830903       1.00000      0.690400     
   27 8  7.222223E-02  2.694859E-02 -0.726656      0.726656       1.00000      0.726656       1.00000      0.528029     
   28 8  7.500000E-02  2.798508E-02 -0.596871      0.596871       1.00000      0.596871       1.00000      0.356256     
   29 8  7.777778E-02  2.902156E-02 -0.443224      0.443224       1.00000      0.443224       1.00000      0.196448     
   30 8  8.055556E-02  3.005804E-02 -0.268880      0.268880       1.00000      0.268880       1.00000      7.229672E-02 
   31 8  8.333334E-02  3.109453E-02 -7.862851E-02  7.862851E-02   1.00000      7.862851E-02   1.00000      6.182442E-03 
   32 8  8.611111E-02  3.213101E-02  0.121071     -0.121071      -1.00000     -0.121071       1.00000      1.465824E-02 
   33 8  8.888889E-02  3.316750E-02  0.322155     -0.322155      -1.00000     -0.322155       1.00000      0.103784     
   34 8  9.166667E-02  3.420398E-02  0.515163     -0.515163      -1.00000     -0.515163       1.00000      0.265393     
   35 8  9.444445E-02  3.524046E-02  0.689608     -0.689608      -1.00000     -0.689608       1.00000      0.475560     
   36 8  9.722222E-02  3.627695E-02  0.834517     -0.834517      -1.00000     -0.834517       1.00000      0.696419     
   37 8  0.100000      3.731343E-02  0.939141     -0.939141      -1.00000     -0.939141       1.00000      0.881985     
   38 8  0.102778      3.834992E-02  0.993818     -0.993818      -1.00000     -0.993818       1.00000      0.987673     
   39 8  0.105556      3.938640E-02  0.990939     -0.990939      -1.00000     -0.990939       1.00000      0.981959     
   40 8  0.108333      4.042289E-02  0.925949     -0.925949      -1.00000     -0.925949       1.00000      0.857381     
   41 8  0.111111      4.145937E-02  0.798291     -0.798291      -1.00000     -0.798291       1.00000      0.637268     
   42 8  0.113889      4.249585E-02  0.612174     -0.612174      -1.00000     -0.612174       1.00000      0.374757     
   43 8  0.116667      4.353234E-02  0.377049     -0.377049      -1.00000     -0.377049       1.00000      0.142166     
   44 8  0.119444      4.456882E-02  0.107645     -0.107645      -1.00000     -0.107645       1.00000      1.158739E-02 
   45 8  0.122222      4.560531E-02 -0.176526      0.176526       1.00000      0.176526       1.00000      3.116149E-02 
   46 8  0.125000      4.664179E-02 -0.452280      0.452280       1.00000      0.452280       1.00000      0.204557     
   47 8  0.127778      4.767828E-02 -0.694508      0.694508       1.00000      0.694508       1.00000      0.482342     
   48 8  0.130556      4.871476E-02 -0.878497      0.878497       1.00000      0.878497       1.00000      0.771757     
   49 8  0.133333      4.975124E-02 -0.982647      0.982647       1.00000      0.982647       1.00000      0.965595     
   50 8  0.136111      5.078773E-02 -0.991365      0.991365       1.00000      0.991365       1.00000      0.982804     
   51 8  0.138889      5.182421E-02 -0.897758      0.897758       1.00000      0.897758       1.00000      0.805970     
   52 8  0.141667      5.286070E-02 -0.705743      0.705743       1.00000      0.705743       1.00000      0.498074     
   53 8  0.144444      5.389718E-02 -0.431123      0.431123       1.00000      0.431123       1.00000      0.185867     
   54 8  0.147222      5.493366E-02 -0.101278      0.101278       1.00000      0.101278       1.00000      1.025722E-02 
   55 8  0.150000      5.597015E-02  0.246811     -0.246811      -1.00000     -0.246811       1.00000      6.091552E-02 
   56 8  0.152778      5.700663E-02  0.570221     -0.570221      -1.00000     -0.570221       1.00000      0.325152     
   57 8  0.155556      5.804312E-02  0.825289     -0.825289      -1.00000     -0.825289       1.00000      0.681102     
   58 8  0.158333      5.907960E-02  0.973759     -0.973759      -1.00000     -0.973759       1.00000      0.948206     
   59 8  0.161111      6.011609E-02  0.989150     -0.989150      -1.00000     -0.989150       1.00000      0.978418     
   60 8  0.163889      6.115257E-02  0.862286     -0.862286      -1.00000     -0.862286       1.00000      0.743537     
   61 8  0.166667      6.218905E-02  0.604891     -0.604891      -1.00000     -0.604891       1.00000      0.365893     
   62 8  0.169444      6.322554E-02  0.250257     -0.250257      -1.00000     -0.250257       1.00000      6.262850E-02 
   63 8  0.172222      6.426203E-02 -0.149725      0.149725       1.00000      0.149725       1.00000      2.241750E-02 
   64 8  0.175000      6.529851E-02 -0.531245      0.531245       1.00000      0.531245       1.00000      0.282221     
   65 8  0.177778      6.633499E-02 -0.828485      0.828485       1.00000      0.828485       1.00000      0.686387     
   66 8  0.180556      6.737147E-02 -0.985326      0.985326       1.00000      0.985326       1.00000      0.970868     
   67 8  0.183333      6.840796E-02 -0.966929      0.966929       1.00000      0.966929       1.00000      0.934951     
   68 8  0.186111      6.944444E-02 -0.768781      0.768781       1.00000      0.768781       1.00000      0.591025     
   69 8  0.188889      7.048093E-02 -0.420886      0.420886       1.00000      0.420886       1.00000      0.177145     
   70 8  0.191667      7.151741E-02  1.463810E-02 -1.463810E-02  -1.00000     -1.463810E-02   1.00000      2.142740E-04 
   71 8  0.194444      7.255390E-02  0.453095     -0.453095      -1.00000     -0.453095       1.00000      0.205295     
   72 8  0.197222      7.359038E-02  0.803042     -0.803042      -1.00000     -0.803042       1.00000      0.644877     
   73 8  0.200000      7.462686E-02  0.985631     -0.985631      -1.00000     -0.985631       1.00000      0.971468     
   74 8  0.202778      7.566334E-02  0.953694     -0.953694      -1.00000     -0.953694       1.00000      0.909532     
   75 8  0.205556      7.669983E-02  0.705772     -0.705772      -1.00000     -0.705772       1.00000      0.498114     
   76 8  0.208333      7.773632E-02  0.290930     -0.290930      -1.00000     -0.290930       1.00000      8.464008E-02 
   77 8  0.211111      7.877280E-02 -0.198339      0.198339       1.00000      0.198339       1.00000      3.933845E-02 
   78 8  0.213889      7.980929E-02 -0.645025      0.645025       1.00000      0.645025       1.00000      0.416057     
   79 8  0.216667      8.084577E-02 -0.935262      0.935262       1.00000      0.935262       1.00000      0.874714     
   80 8  0.219444      8.188225E-02 -0.988367      0.988367       1.00000      0.988367       1.00000      0.976870     
   81 8  0.222222      8.291874E-02 -0.781518      0.781518       1.00000      0.781518       1.00000      0.610770     
   82 8  0.225000      8.395522E-02 -0.361185      0.361185       1.00000      0.361185       1.00000      0.130454     
   83 8  0.227778      8.499171E-02  0.163814     -0.163814      -1.00000     -0.163814       1.00000      2.683512E-02 
   84 8  0.230556      8.602819E-02  0.648180     -0.648180      -1.00000     -0.648180       1.00000      0.420137     
   85 8  0.233333      8.706468E-02  0.949725     -0.949725      -1.00000     -0.949725       1.00000      0.901977     
   86 8  0.236111      8.810116E-02  0.972452     -0.972452      -1.00000     -0.972452       1.00000      0.945663     
   87 8  0.238889      8.913764E-02  0.699921     -0.699921      -1.00000     -0.699921       1.00000      0.489889     
   88 8  0.241667      9.017412E-02  0.206999     -0.206999      -1.00000     -0.206999       1.00000      4.284872E-02 
   89 8  0.244444      9.121061E-02 -0.356766      0.356766       1.00000      0.356766       1.00000      0.127282     
   90 8  0.247222      9.224709E-02 -0.810293      0.810293       1.00000      0.810293       1.00000      0.656574     
   91 8  0.250000      9.328358E-02 -0.999210      0.999210       1.00000      0.999210       1.00000      0.998420     
   92 8  0.252778      9.432007E-02 -0.850876      0.850876       1.00000      0.850876       1.00000      0.723990     
   93 8  0.255556      9.535655E-02 -0.406123      0.406123       1.00000      0.406123       1.00000      0.164936     
   94 8  0.258333      9.639303E-02  0.186671     -0.186671      -1.00000     -0.186671       1.00000      3.484619E-02 
   95 8  0.261111      9.742951E-02  0.717552     -0.717552      -1.00000     -0.717552       1.00000      0.514881     
   96 8  0.263889      9.846600E-02  0.988548     -0.988548      -1.00000     -0.988548       1.00000      0.977227     
   97 8  0.266667      9.950249E-02  0.889711     -0.889711      -1.00000     -0.889711       1.00000      0.791585     
   98 8  0.269444      0.100539      0.448076     -0.448076      -1.00000     -0.448076       1.00000      0.200772     
   99 8  0.272222      0.101575     -0.173136      0.173136       1.00000      0.173136       1.00000      2.997597E-02 
  100 8  0.275000      0.102612     -0.730574      0.730574       1.00000      0.730574       1.00000      0.533738     
  101 8  0.277778      0.103648     -0.995009      0.995009       1.00000      0.995009       1.00000      0.990042     
  102 8  0.280556      0.104685     -0.848182      0.848182       1.00000      0.848182       1.00000      0.719413     
  103 8  0.283333      0.105721     -0.340851      0.340851       1.00000      0.340851       1.00000      0.116179     
  104 8  0.286111      0.106758      0.317829     -0.317829      -1.00000     -0.317829       1.00000      0.101016     
  105 8  0.288889      0.107794      0.842129     -0.842129      -1.00000     -0.842129       1.00000      0.709182     
  106 8  0.291667      0.108831      0.993426     -0.993426      -1.00000     -0.993426       1.00000      0.986895     
  107 8  0.294444      0.109867      0.692713     -0.692713      -1.00000     -0.692713       1.00000      0.479851     
  108 8  0.297222      0.110904      6.784174E-02 -6.784174E-02  -1.00000     -6.784174E-02   1.00000      4.602502E-03 
  109 8  0.300000      0.111940     -0.593965      0.593965       1.00000      0.593965       1.00000      0.352795     
  110 8  0.302778      0.112977     -0.974919      0.974919       1.00000      0.974919       1.00000      0.950467     
  111 8  0.305556      0.114013     -0.881166      0.881166       1.00000      0.881166       1.00000      0.776453     
  112 8  0.308333      0.115050     -0.347492      0.347492       1.00000      0.347492       1.00000      0.120751     
  113 8  0.311111      0.116086      0.366324     -0.366324      -1.00000     -0.366324       1.00000      0.134193     
  114 8  0.313889      0.117123      0.896370     -0.896370      -1.00000     -0.896370       1.00000      0.803480     
  115 8  0.316667      0.118159      0.960028     -0.960028      -1.00000     -0.960028       1.00000      0.921654     
  116 8  0.319444      0.119196      0.512075     -0.512075      -1.00000     -0.512075       1.00000      0.262221     
  117 8  0.322222      0.120232     -0.216670      0.216670       1.00000      0.216670       1.00000      4.694571E-02 
  118 8  0.325000      0.121269     -0.831017      0.831017       1.00000      0.831017       1.00000      0.690589     
  119 8  0.327778      0.122305     -0.983992      0.983992       1.00000      0.983992       1.00000      0.968239     
  120 8  0.330556      0.123342     -0.577832      0.577832       1.00000      0.577832       1.00000      0.333890     
  121 8  0.333333      0.124378      0.165232     -0.165232      -1.00000     -0.165232       1.00000      2.730149E-02 
  122 8  0.336111      0.125415      0.816061     -0.816061      -1.00000     -0.816061       1.00000      0.665956     
  123 8  0.338889      0.126451      0.984050     -0.984050      -1.00000     -0.984050       1.00000      0.968354     
  124 8  0.341667      0.127488      0.556655     -0.556655      -1.00000     -0.556655       1.00000      0.309865     
  125 8  0.344444      0.128524     -0.216031      0.216031       1.00000      0.216031       1.00000      4.666960E-02 
  126 8  0.347222      0.129561     -0.858510      0.858510       1.00000      0.858510       1.00000      0.737040     
  127 8  0.350000      0.130597     -0.960313      0.960313       1.00000      0.960313       1.00000      0.922201     
  128 8  0.352778      0.131633     -0.444393      0.444393       1.00000      0.444393       1.00000      0.197485     
  129 8  0.355556      0.132670      0.364997     -0.364997      -1.00000     -0.364997       1.00000      0.133223     
  130 8  0.358333      0.133706      0.937108     -0.937108      -1.00000     -0.937108       1.00000      0.878172     
  131 8  0.361111      0.134743      0.882054     -0.882054      -1.00000     -0.882054       1.00000      0.778019     
  132 8  0.363889      0.135779      0.224636     -0.224636      -1.00000     -0.224636       1.00000      5.046156E-02 
  133 8  0.366667      0.136816     -0.592021      0.592021       1.00000      0.592021       1.00000      0.350489     
  134 8  0.369444      0.137852     -0.997509      0.997509       1.00000      0.997509       1.00000      0.995024     
  135 8  0.372222      0.138889     -0.694879      0.694879       1.00000      0.694879       1.00000      0.482857     
  136 8  0.375000      0.139925      0.111149     -0.111149      -1.00000     -0.111149       1.00000      1.235410E-02 
  137 8  0.377778      0.140962      0.840123     -0.840123      -1.00000     -0.840123       1.00000      0.705807     
  138 8  0.380556      0.141998      0.949439     -0.949439      -1.00000     -0.949439       1.00000      0.901434     
  139 8  0.383333      0.143035      0.345072     -0.345072      -1.00000     -0.345072       1.00000      0.119074     
  140 8  0.386111      0.144071     -0.525499      0.525499       1.00000      0.525499       1.00000      0.276149     
  141 8  0.388889      0.145108     -0.994451      0.994451       1.00000      0.994451       1.00000      0.988932     
  142 8  0.391667      0.146144     -0.687160      0.687160       1.00000      0.687160       1.00000      0.472188     
  143 8  0.394444      0.147181      0.166733     -0.166733      -1.00000     -0.166733       1.00000      2.779977E-02 
  144 8  0.397222      0.148217      0.890800     -0.890800      -1.00000     -0.890800       1.00000      0.793524     
  145 8  0.400000      0.149254      0.893203     -0.893203      -1.00000     -0.893203       1.00000      0.797811     
  146 8  0.402778      0.150290      0.159151     -0.159151      -1.00000     -0.159151       1.00000      2.532902E-02 
  147 8  0.405556      0.151327     -0.711211      0.711211       1.00000      0.711211       1.00000      0.505821     
  148 8  0.408333      0.152363     -0.984210      0.984210       1.00000      0.984210       1.00000      0.968669     
  149 8  0.411111      0.153400     -0.415783      0.415783       1.00000      0.415783       1.00000      0.172875     
  150 8  0.413889      0.154436      0.515601     -0.515601      -1.00000     -0.515601       1.00000      0.265844     
  151 8  0.416667      0.155473      0.998643     -0.998643      -1.00000     -0.998643       1.00000      0.997288     
  152 8  0.419444      0.156509      0.596730     -0.596730      -1.00000     -0.596730       1.00000      0.356086     
  153 8  0.422222      0.157546     -0.343420      0.343420       1.00000      0.343420       1.00000      0.117937     
  154 8  0.425000      0.158582     -0.975060      0.975060       1.00000      0.975060       1.00000      0.950743     
  155 8  0.427778      0.159619     -0.711549      0.711549       1.00000      0.711549       1.00000      0.506302     
  156 8  0.430556      0.160655      0.215998     -0.215998      -1.00000     -0.215998       1.00000      4.665514E-02 
  157 8  0.433333      0.161692      0.943680     -0.943680      -1.00000     -0.943680       1.00000      0.890533     
  158 8  0.436111      0.162728      0.774330     -0.774330      -1.00000     -0.774330       1.00000      0.599587     
  159 8  0.438889      0.163765     -0.142687      0.142687       1.00000      0.142687       1.00000      2.035967E-02 
  160 8  0.441667      0.164801     -0.924031      0.924031       1.00000      0.924031       1.00000      0.853833     
  161 8  0.444444      0.165837     -0.796406      0.796406       1.00000      0.796406       1.00000      0.634263     
  162 8  0.447222      0.166874      0.126556     -0.126556      -1.00000     -0.126556       1.00000      1.601638E-02 
  163 8  0.450000      0.167910      0.925228     -0.925228      -1.00000     -0.925228       1.00000      0.856048     
  164 8  0.452778      0.168947      0.782565     -0.782565      -1.00000     -0.782565       1.00000      0.612408     
  165 8  0.455556      0.169983     -0.168080      0.168080       1.00000      0.168080       1.00000      2.825099E-02 
  166 8  0.458333      0.171020     -0.946752      0.946752       1.00000      0.946752       1.00000      0.896340     
  167 8  0.461111      0.172056     -0.729771      0.729771       1.00000      0.729771       1.00000      0.532565     
  168 8  0.463889      0.173093      0.265823     -0.265823      -1.00000     -0.265823       1.00000      7.066168E-02 
  169 8  0.466667      0.174129      0.978398     -0.978398      -1.00000     -0.978398       1.00000      0.957262     
  170 8  0.469444      0.175166      0.628039     -0.628039      -1.00000     -0.628039       1.00000      0.394433     
  171 8  0.472222      0.176202     -0.414512      0.414512       1.00000      0.414512       1.00000      0.171820     
  172 8  0.475000      0.177239     -0.999535      0.999535       1.00000      0.999535       1.00000      0.999071     
  173 8  0.477778      0.178275     -0.463485      0.463485       1.00000      0.463485       1.00000      0.214819     
  174 8  0.480556      0.179312      0.600331     -0.600331      -1.00000     -0.600331       1.00000      0.360397     
  175 8  0.483333      0.180348      0.978982     -0.978982      -1.00000     -0.978982       1.00000      0.958405     
  176 8  0.486111      0.181385      0.224753     -0.224753      -1.00000     -0.224753       1.00000      5.051385E-02 
  177 8  0.488889      0.182421     -0.794695      0.794695       1.00000      0.794695       1.00000      0.631541     
  178 8  0.491667      0.183458     -0.877890      0.877890       1.00000      0.877890       1.00000      0.770691     
  179 8  0.494444      0.184494      8.655032E-02 -8.655032E-02  -1.00000     -8.655032E-02   1.00000      7.490958E-03 
  180 8  0.497222      0.185531      0.949358     -0.949358      -1.00000     -0.949358       1.00000      0.901281     
  181 8  0.500000      0.186567      0.658928     -0.658928      -1.00000     -0.658928       1.00000      0.434187     
