 ;spi/dat   09-SEP-2008 AT 11:01:01   power/ctf004.dat
    1 4   0.0000      2.53149E-04   0.0000       0.0000     
    2 4  7.09220E-04  2.52866E-04  2.82540E-07  1.35333E-05 
    3 4  1.41844E-03  2.52608E-04  5.40196E-07  2.71933E-05 
    4 4  2.12766E-03  2.52375E-04  7.73056E-07  4.09349E-05 
    5 4  2.83688E-03  2.52167E-04  9.81643E-07  5.47101E-05 
    6 4  3.54610E-03  2.51983E-04  1.16506E-06  6.84675E-05 
    7 4  4.25532E-03  2.51825E-04  1.32385E-06  8.21539E-05 
    8 4  4.96454E-03  2.51690E-04  1.45854E-06  9.57143E-05 
    9 4  5.67376E-03  2.51580E-04  1.56870E-06  1.09092E-04 
   10 4  6.38298E-03  2.51495E-04  1.65409E-06  1.22227E-04 
   11 4  7.09220E-03  2.51434E-04  1.71477E-06  1.35063E-04 
   12 4  7.80142E-03  2.51397E-04  1.75147E-06  1.47538E-04 
   13 4  8.51064E-03  2.51385E-04  1.76369E-06  1.59593E-04 
   14 4  9.21986E-03  2.51397E-04  1.75170E-06  1.71169E-04 
   15 4  9.92908E-03  2.51434E-04  1.71477E-06  1.82207E-04 
   16 4  1.06383E-02  2.51495E-04  1.65385E-06  1.92652E-04 
   17 4  1.13475E-02  2.51580E-04  1.56846E-06  2.02447E-04 
   18 4  1.20567E-02  2.51690E-04  1.45854E-06  2.11541E-04 
   19 4  1.27660E-02  2.51825E-04  1.32408E-06  2.19884E-04 
   20 4  1.34752E-02  2.51984E-04  1.16482E-06  2.27429E-04 
   21 4  1.41844E-02  2.52167E-04  9.81381E-07  2.34133E-04 
   22 4  1.48936E-02  2.52375E-04  7.73056E-07  2.39959E-04 
   23 4  1.56028E-02  2.52609E-04  5.40196E-07  2.44871E-04 
   24 4  1.63121E-02  2.52866E-04  2.82307E-07  2.48842E-04 
   25 4  1.70213E-02  2.53149E-04   0.0000      2.51845E-04 
   26 4  1.77305E-02  2.53456E-04  1.65995E-04  2.53862E-04 
   27 4  1.84397E-02  2.53789E-04  2.54881E-04  2.54881E-04 
   28 4  1.91489E-02  2.54146E-04  2.44742E-04  2.54892E-04 
   29 4  1.98582E-02  2.54529E-04  2.41753E-04  2.53894E-04 
   30 4  2.05674E-02  2.54937E-04  2.40173E-04  2.51890E-04 
   31 4  2.12766E-02  2.55371E-04  2.35561E-04  2.48888E-04 
   32 4  2.19858E-02  2.55830E-04  2.33305E-04  2.44905E-04 
   33 4  2.26950E-02  2.56315E-04  2.31143E-04  2.39960E-04 
   34 4  2.34043E-02  2.56826E-04  2.25751E-04  2.34078E-04 
   35 4  2.41135E-02  2.57363E-04  2.19133E-04  2.27290E-04 
   36 4  2.48227E-02  2.57926E-04  2.16872E-04  2.19631E-04 
   37 4  2.55319E-02  2.58515E-04  2.07384E-04  2.07384E-04 
   38 4  2.62411E-02  2.59131E-04  1.96034E-04  1.96446E-04 
   39 4  2.69504E-02  2.59773E-04  1.86335E-04  1.86636E-04 
   40 4  2.76596E-02  2.60443E-04  1.77801E-04  1.77801E-04 
   41 4  2.83688E-02  2.61139E-04  1.64631E-04  1.69807E-04 
   42 4  2.90780E-02  2.61863E-04  1.53035E-04  1.62541E-04 
   43 4  2.97872E-02  2.62614E-04  1.39658E-04  1.55902E-04 
   44 4  3.04965E-02  2.63393E-04  1.25799E-04  1.49806E-04 
   45 4  3.12057E-02  2.64200E-04  1.12266E-04  1.44177E-04 
   46 4  3.19149E-02  2.65035E-04  1.01278E-04  1.38949E-04 
   47 4  3.26241E-02  2.65899E-04  8.95559E-05  1.34067E-04 
   48 4  3.33333E-02  2.66791E-04  7.57083E-05  1.29479E-04 
   49 4  3.40426E-02  2.67712E-04  6.48084E-05  1.25142E-04 
   50 4  3.47518E-02  2.68663E-04  5.59988E-05  1.21018E-04 
   51 4  3.54610E-02  2.69643E-04  4.91580E-05  1.17073E-04 
   52 4  3.61702E-02  2.70653E-04  4.49081E-05  1.13279E-04 
   53 4  3.68794E-02  3.12235E-04   0.0000      6.90672E-05 
   54 4  3.75887E-02  3.11673E-04  1.30999E-06  6.71326E-05 
   55 4  3.82979E-02  3.11113E-04  4.46022E-06  6.53090E-05 
   56 4  3.90071E-02  3.10557E-04  1.01418E-05  6.35799E-05 
   57 4  3.97163E-02  3.10003E-04  1.78698E-05  6.19318E-05 
   58 4  4.04255E-02  3.09451E-04  2.42464E-05  6.03530E-05 
   59 4  4.11348E-02  3.08902E-04  3.15002E-05  5.88323E-05 
   60 4  4.18440E-02  3.08355E-04  3.68237E-05  5.73625E-05 
   61 4  4.25532E-02  3.07810E-04  4.32679E-05  5.59359E-05 
   62 4  4.32624E-02  3.07266E-04  4.64320E-05  5.45476E-05 
   63 4  4.39716E-02  3.06723E-04  4.90333E-05  5.37636E-05 
   64 4  4.46809E-02  3.06182E-04  5.13863E-05  5.21303E-05 
   65 4  4.53901E-02  3.05642E-04  5.05658E-05  5.05658E-05 
   66 4  4.60993E-02  3.05104E-04  4.61205E-05  4.90661E-05 
   67 4  4.68085E-02  3.04566E-04  4.20696E-05  4.76289E-05 
   68 4  4.75177E-02  3.04029E-04  3.51829E-05  4.62503E-05 
   69 4  4.82269E-02  3.03492E-04  2.97624E-05  4.49279E-05 
   70 4  4.89362E-02  3.02957E-04  2.00949E-05  4.36584E-05 
   71 4  4.96454E-02  3.02421E-04  1.31605E-05  4.24398E-05 
   72 4  5.03546E-02  3.01887E-04  7.02322E-06  4.12689E-05 
   73 4  5.10638E-02  3.01352E-04  2.13771E-06  4.01436E-05 
   74 4  5.17730E-02  3.01097E-04  6.77828E-08  3.87822E-05 
   75 4  5.24823E-02  3.00283E-04   0.0000      3.80210E-05 
   76 4  5.31915E-02  2.99528E-04  3.05742E-06  3.72406E-05 
   77 4  5.39007E-02  2.98825E-04  7.00823E-06  3.64453E-05 
   78 4  5.46099E-02  2.98167E-04  1.15428E-05  3.56400E-05 
   79 4  5.53191E-02  2.97549E-04  1.75272E-05  3.48277E-05 
   80 4  5.60284E-02  2.96965E-04  2.26176E-05  3.40129E-05 
   81 4  5.67376E-02  2.96411E-04  2.98682E-05  3.31980E-05 
   82 4  5.74468E-02  2.95882E-04  3.10469E-05  3.23866E-05 
   83 4  5.81560E-02  2.95376E-04  3.15804E-05  3.15804E-05 
   84 4  5.88652E-02  2.94886E-04  2.97810E-05  3.07824E-05 
   85 4  5.95745E-02  2.94411E-04  2.65178E-05  2.99938E-05 
   86 4  6.02837E-02  2.93947E-04  2.30001E-05  2.92166E-05 
   87 4  6.09929E-02  2.93493E-04  1.75590E-05  2.84524E-05 
   88 4  6.17021E-02  2.93044E-04  1.17276E-05  2.77022E-05 
   89 4  6.24113E-02  2.92600E-04  5.36951E-06  2.69676E-05 
   90 4  6.31206E-02  2.92158E-04  1.15382E-06  2.62493E-05 
   91 4  6.38298E-02  2.91717E-04   0.0000      2.55476E-05 
   92 4  6.45390E-02  2.91275E-04  1.57399E-06  2.48639E-05 
   93 4  6.52482E-02  2.90831E-04  4.24823E-06  2.41972E-05 
   94 4  6.59574E-02  2.90384E-04  7.18777E-06  2.35490E-05 
   95 4  6.66667E-02  2.89933E-04  1.18490E-05  2.29196E-05 
   96 4  6.73759E-02  2.89477E-04  1.58849E-05  2.23082E-05 
   97 4  6.80851E-02  2.89015E-04  1.78628E-05  2.17153E-05 
   98 4  6.87943E-02  2.88547E-04  2.01046E-05  2.11407E-05 
   99 4  6.95035E-02  2.88073E-04  1.94228E-05  2.05848E-05 
  100 4  7.02128E-02  2.87593E-04  1.77172E-05  2.00454E-05 
  101 4  7.09220E-02  2.87105E-04  1.46932E-05  1.95245E-05 
  102 4  7.16312E-02  2.86610E-04  9.25540E-06  1.90209E-05 
  103 4  7.23404E-02  2.86108E-04  4.38752E-06  1.85332E-05 
  104 4  7.30496E-02  2.85600E-04  1.66163E-06  1.80623E-05 
  105 4  7.37589E-02  2.85085E-04  4.34258E-07  1.76066E-05 
  106 4  7.44681E-02  2.84563E-04  3.52738E-07  1.71666E-05 
  107 4  7.51773E-02  2.84035E-04  2.11471E-06  1.67407E-05 
  108 4  7.58865E-02  2.83500E-04  5.76943E-06  1.63295E-05 
  109 4  7.65957E-02  2.82960E-04  9.59693E-06  1.59318E-05 
  110 4  7.73050E-02  2.82415E-04  1.36369E-05  1.55463E-05 
  111 4  7.80142E-02  2.81864E-04  1.46415E-05  1.51741E-05 
  112 4  7.87234E-02  2.81308E-04  1.48133E-05  1.48133E-05 
  113 4  7.94326E-02  2.80749E-04  1.24706E-05  1.44628E-05 
  114 4  8.01418E-02  2.80186E-04  8.58819E-06  1.41226E-05 
  115 4  8.08511E-02  2.79619E-04  6.33165E-06  1.37931E-05 
  116 4  8.15603E-02  2.79048E-04  2.31230E-06  1.34738E-05 
  117 4  8.22695E-02  2.78476E-04   0.0000      1.31621E-05 
  118 4  8.29787E-02  2.77899E-04  7.03993E-07  1.28610E-05 
  119 4  8.36879E-02  2.77324E-04  1.07984E-06  1.25647E-05 
  120 4  8.43972E-02  2.76746E-04  3.40777E-06  1.22768E-05 
  121 4  8.51064E-02  2.76166E-04  6.15171E-06  1.19971E-05 
  122 4  8.58156E-02  2.75586E-04  9.01447E-06  1.17227E-05 
  123 4  8.65248E-02  2.75006E-04  1.10579E-05  1.14545E-05 
  124 4  8.72340E-02  2.74426E-04  1.04873E-05  1.11927E-05 
  125 4  8.79433E-02  2.73846E-04  8.47247E-06  1.09359E-05 
  126 4  8.86525E-02  2.73268E-04  5.33846E-06  1.06823E-05 
  127 4  8.93617E-02  2.72691E-04  2.16364E-06  1.04345E-05 
  128 4  9.00709E-02  2.72115E-04  1.20886E-06  1.01905E-05 
  129 4  9.07801E-02  2.71540E-04  8.26287E-07  9.95171E-06 
  130 4  9.14894E-02  2.70967E-04  1.67475E-06  9.71620E-06 
  131 4  9.21986E-02  2.70394E-04  3.39298E-06  9.48607E-06 
  132 4  9.29078E-02  2.69831E-04  5.37495E-06  9.25199E-06 
  133 4  9.36170E-02  2.69264E-04  7.41571E-06  9.02783E-06 
  134 4  9.43262E-02  2.68700E-04  8.06639E-06  8.80618E-06 
  135 4  9.50355E-02  2.68135E-04  7.69750E-06  8.59148E-06 
  136 4  9.57447E-02  2.67581E-04  5.41500E-06  8.37128E-06 
  137 4  9.64539E-02  2.67025E-04  3.87183E-06  8.15908E-06 
  138 4  9.71631E-02  2.66473E-04  1.96221E-06  7.94875E-06 
  139 4  9.78723E-02  2.65926E-04  2.43075E-07  7.73897E-06 
  140 4  9.85816E-02  2.65386E-04   0.0000      7.52849E-06 
  141 4  9.92908E-02  2.64839E-04  2.80235E-06  7.33096E-06 
  142 4  0.10000      2.64304E-04  4.05492E-06  7.12738E-06 
  143 4  0.10071      2.63766E-04  5.50109E-06  6.93186E-06 
  144 4  0.10142      2.63234E-04  6.08724E-06  6.73707E-06 
  145 4  0.10213      2.62707E-04  5.32123E-06  6.54327E-06 
  146 4  0.10284      2.62181E-04  4.25629E-06  6.35494E-06 
  147 4  0.10355      2.61660E-04  2.41259E-06  6.16701E-06 
  148 4  0.10426      2.61142E-04  1.74440E-06  5.98154E-06 
  149 4  0.10496      2.60623E-04  9.91597E-07  5.80444E-06 
  150 4  0.10567      2.60112E-04  2.08782E-06  5.62522E-06 
  151 4  0.10638      2.59601E-04  2.48532E-06  5.45109E-06 
  152 4  0.10709      2.59099E-04  3.99991E-06  5.27562E-06 
  153 4  0.10780      2.58592E-04  4.83909E-06  5.11057E-06 
  154 4  0.10851      2.58098E-04  4.43999E-06  4.93845E-06 
  155 4  0.10922      2.57593E-04  3.02398E-06  4.78362E-06 
  156 4  0.10993      2.57096E-04  2.17833E-06  4.62710E-06 
  157 4  0.11064      2.56602E-04  1.29116E-06  4.47326E-06 
  158 4  0.11135      2.56108E-04  4.71104E-07  4.32602E-06 
  159 4  0.11206      2.55621E-04  1.27376E-06  4.17777E-06 
  160 4  0.11277      2.55133E-04  2.53666E-06  4.03702E-06 
  161 4  0.11348      2.54649E-04  3.64779E-06  3.89718E-06 
  162 4  0.11418      2.54167E-04  3.76237E-06  3.76237E-06 
  163 4  0.11489      2.53684E-04  3.34994E-06  3.63469E-06 
  164 4  0.11560      2.53206E-04  2.15074E-06  3.50762E-06 
  165 4  0.11631      2.52725E-04  2.81766E-06  3.39001E-06 
  166 4  0.11702      2.52248E-04  1.68182E-06  3.27372E-06 
  167 4  0.11773      2.51774E-04  2.40223E-07  3.16105E-06 
  168 4  0.11844      2.51305E-04   0.0000      3.04842E-06 
  169 4  0.11915      2.50828E-04  7.58475E-07  2.95037E-06 
  170 4  0.11986      2.50358E-04  2.00953E-06  2.85089E-06 
  171 4  0.12057      2.49893E-04  1.74387E-06  2.75188E-06 
  172 4  0.12128      2.49415E-04  1.41477E-06  2.67208E-06 
  173 4  0.12199      2.48945E-04  1.07184E-06  2.58908E-06 
  174 4  0.12270      2.48491E-04  8.74570E-07  2.49670E-06 
  175 4  0.12340      2.48024E-04  5.42495E-07  2.42179E-06 
  176 4  0.12411      2.47548E-04  1.24041E-06  2.36163E-06 
  177 4  0.12482      2.47091E-04  1.42740E-06  2.28779E-06 
  178 4  0.12553      2.46637E-04  1.47874E-06  2.21713E-06 
  179 4  0.12624      2.46166E-04  1.05493E-06  2.16765E-06 
  180 4  0.12695      2.45708E-04  3.88129E-07  2.11044E-06 
  181 4  0.12766      2.45247E-04  8.08213E-07  2.06212E-06 
  182 4  0.12837      2.44794E-04  9.56206E-07  2.00982E-06 
  183 4  0.12908      2.44331E-04  5.92350E-07  1.97269E-06 
  184 4  0.12979      2.43883E-04  7.20916E-07  1.92523E-06 
  185 4  0.13050      2.43432E-04  4.17553E-07  1.88657E-06 
  186 4  0.13121      2.42975E-04  6.48521E-07  1.85733E-06 
  187 4  0.13191      2.42540E-04  1.50605E-06  1.81183E-06 
  188 4  0.13262      2.42086E-04  9.30813E-07  1.78891E-06 
  189 4  0.13333      2.41628E-04  7.90984E-07  1.77482E-06 
  190 4  0.13404      2.41194E-04  1.74106E-06  1.74106E-06 
  191 4  0.13475      2.40744E-04  8.10440E-07  1.72696E-06 
  192 4  0.13546      2.40295E-04  3.48577E-07  1.71681E-06 
  193 4  0.13617      2.39870E-04  4.28394E-07  1.68728E-06 
  194 4  0.13688      2.39425E-04  9.81323E-07  1.68047E-06 
  195 4  0.13759      2.38995E-04  3.66548E-07  1.66368E-06 
  196 4  0.13830      2.38583E-04  6.58474E-07  1.63286E-06 
  197 4  0.13901      2.38124E-04  3.58850E-07  1.65121E-06 
  198 4  0.13972      2.37705E-04   0.0000      1.63485E-06 
  199 4  0.14043      2.37295E-04  7.98143E-07  1.61356E-06 
  200 4  0.14113      2.36876E-04  6.65081E-07  1.60457E-06 
  201 4  0.14184      2.36457E-04  8.95816E-07  1.59834E-06 
  202 4  0.14255      2.36048E-04  7.45844E-07  1.58649E-06 
  203 4  0.14326      2.35635E-04  9.91291E-07  1.58214E-06 
  204 4  0.14397      2.35240E-04  9.81745E-07  1.56301E-06 
  205 4  0.14468      2.34823E-04  1.00632E-06  1.56902E-06 
  206 4  0.14539      2.34449E-04  1.12040E-06  1.53547E-06 
  207 4  0.14610      2.34029E-04  6.30011E-07  1.55203E-06 
  208 4  0.14681      2.33665E-04  6.76853E-07  1.51574E-06 
  209 4  0.14752      2.33264E-04  5.18005E-07  1.51986E-06 
  210 4  0.14823      2.32891E-04  1.07635E-06  1.49889E-06 
  211 4  0.14894      2.32497E-04  1.44821E-07  1.50215E-06 
  212 4  0.14965      2.32148E-04  4.85583E-07  1.46402E-06 
  213 4  0.15035      2.31767E-04  4.13696E-07  1.46207E-06 
  214 4  0.15106      2.31409E-04  3.16693E-07  1.44004E-06 
  215 4  0.15177      2.31053E-04   0.0000      1.41899E-06 
  216 4  0.15248      2.30702E-04  6.17089E-07  1.39802E-06 
  217 4  0.15319      2.30330E-04  1.09253E-06  1.40062E-06 
  218 4  0.15390      2.29976E-04  5.03671E-07  1.38831E-06 
  219 4  0.15461      2.29666E-04  3.98533E-07  1.33731E-06 
  220 4  0.15532      2.29341E-04  6.20901E-07  1.30397E-06 
  221 4  0.15603      2.28992E-04  3.19269E-07  1.29912E-06 
  222 4  0.15674      2.28666E-04  8.38496E-07  1.27534E-06 
  223 4  0.15745      2.28337E-04  6.75180E-07  1.25906E-06 
  224 4  0.15816      2.28041E-04  5.34972E-07  1.21479E-06 
  225 4  0.15887      2.27733E-04  4.59579E-07  1.18694E-06 
  226 4  0.15957      2.27460E-04  2.33311E-07  1.12927E-06 
  227 4  0.16028      2.27157E-04  7.33184E-07  1.10621E-06 
  228 4  0.16099      2.26858E-04  4.94678E-07  1.08390E-06 
  229 4  0.16170      2.26575E-04  4.79340E-07  1.05215E-06 
  230 4  0.16241      2.26274E-04  1.04273E-06  1.04273E-06 
  231 4  0.16312      2.26007E-04  7.17584E-07  1.00643E-06 
  232 4  0.16383      2.25763E-04  5.38479E-07  9.54518E-07 
  233 4  0.16454      2.25465E-04  7.07660E-07  9.62333E-07 
  234 4  0.16525      2.25185E-04  5.98026E-07  9.59408E-07 
  235 4  0.16596      2.24921E-04  5.10656E-07  9.47286E-07 
  236 4  0.16667      2.24719E-04  2.70200E-07  8.82763E-07 
  237 4  0.16738      2.24445E-04  7.83504E-07  8.96296E-07 
  238 4  0.16809      2.24217E-04  6.96891E-07  8.73915E-07 
  239 4  0.16879      2.23968E-04  5.00368E-07  8.81730E-07 
  240 4  0.16950      2.23724E-04  4.00629E-07  8.93851E-07 
  241 4  0.17021      2.23487E-04  3.02636E-07  9.09786E-07 
  242 4  0.17092      2.23309E-04   0.0000      8.77641E-07 
  243 4  0.17163      2.23042E-04  3.28888E-07  9.44303E-07 
  244 4  0.17234      2.22814E-04  5.65342E-08  9.84306E-07 
  245 4  0.17305      2.22612E-04  3.70128E-07  1.01198E-06 
  246 4  0.17376      2.22434E-04  1.00798E-06  1.02907E-06 
  247 4  0.17447      2.22216E-04  9.06977E-07  1.09877E-06 
  248 4  0.17518      2.22006E-04  4.63304E-07  1.17604E-06 
  249 4  0.17589      2.21828E-04  1.23700E-06  1.23700E-06 
  250 4  0.17660      2.21705E-04   0.0000      1.25884E-06 
