         8  1.58019E+05  0.21921              0         80
 8.87303E-03   4.04781E+00   4.04781E+00
 7.62575E-03   3.47881E+00   7.52661E+00
 5.33186E-03   2.43235E+00   9.95897E+00
 3.48832E-03   1.59134E+00   1.15503E+01
 3.43611E-03   1.56753E+00   1.31178E+01
 3.40243E-03   1.55216E+00   1.46700E+01
 3.38203E-03   1.54286E+00   1.62129E+01
 3.35064E-03   1.52854E+00   1.77414E+01
  1.0494      -1.2115      0.65620     -0.35301     -0.14336      0.55882      0.30589     -0.24877      0.12953      3.57637E-02 
 0.10068     -6.85986E-02  8.95036E-02 -0.21735     -0.18712     -2.14569E-02  3.56435E-02 -1.26061E-02 -0.14668     -0.13738     
-5.40676E-02  7.01495E-02  0.14107     -3.58699E-02  0.13105      0.12300     -0.11060     -4.51940E-02 -0.10149     -4.11097E-02 
-0.13328      9.29534E-03  0.13931     -8.97637E-02  0.11541      0.10615      3.08426E-02 -4.36629E-02  5.44368E-02  2.15630E-02 
-4.38582E-02 -0.21817     -0.10407     -3.81694E-02  2.42362E-02 -8.91574E-02  0.10471     -0.24317     -6.69276E-02  0.17889     
 7.99206E-02 -5.68269E-02  0.10595     -8.23988E-02  0.17915     -7.46296E-02  2.87597E-02 -0.20553      0.26279     -4.41035E-02 
 4.43373E-02  5.51108E-02 -5.45681E-02 -0.16370     -5.98660E-02 -0.23851      0.11397     -9.98269E-02 -6.33060E-02 -8.98105E-02 
 0.14071      3.02240E-03  3.71046E-02  0.11818      5.10444E-02  2.96258E-02  0.18839      0.13694     -0.17874      0.11346     
 0.97731     -0.78180       1.1146      -1.1603      0.56556       1.2398     -0.65330     -1.73022E-02 -2.11170E-02  2.97362E-02 
 0.13336      0.34254      2.38673E-02 -9.94709E-02  0.11565     -8.30154E-04 -0.13456     -9.35887E-02  4.37124E-02  4.96217E-02 
 7.49452E-02  7.13701E-02 -0.18177     -9.49149E-02 -1.82210E-03 -0.10490      1.52030E-03  0.15038     -0.14435      4.42192E-02 
-6.64433E-02  4.05695E-02  2.81172E-02 -5.39790E-02 -0.17017     -0.23117      0.27122      9.89987E-02  2.36544E-02  7.63629E-02 
 2.16241E-02 -8.24084E-02  0.11852      2.62247E-03  8.41711E-02  6.61641E-02 -0.19154      7.81836E-02 -0.13599     -4.69022E-02 
 0.20558      2.47074E-02 -0.10798      0.20278      3.69983E-02 -1.23892E-02 -0.18693      8.54782E-02  0.19159     -1.42572E-02 
-1.97782E-02 -5.21155E-02  9.08071E-02 -7.54922E-02 -0.11610      7.48290E-02 -4.56943E-02  1.84616E-02  0.15351     -0.11202     
-6.06183E-03  0.16500      1.86846E-02  0.14366      1.99812E-02 -8.65730E-02  2.50402E-02  0.13491     -3.72991E-02  0.11224     
  1.2145      -1.1122      0.78240       1.6457       1.6525     -0.39821     -0.10680      -1.5274      3.76676E-02  2.76512E-02 
-0.17205     -3.71259E-02  5.34268E-02 -2.90722E-02 -0.18637     -0.19510      6.31834E-02 -0.14536     -0.11351      0.10981     
 5.73523E-02 -1.45345E-02  9.46281E-02 -0.25332     -0.10071     -0.13379      8.78197E-02  1.64144E-02 -7.64365E-04  1.17633E-02 
 0.11373     -7.34330E-02 -0.10389      3.39007E-02  6.21089E-02  1.94329E-02 -7.42307E-02  7.27236E-02  0.12521     -1.50700E-02 
-8.25657E-02  7.06243E-02  0.16494      0.14537      1.62309E-02  0.16053      0.11436      3.44079E-02  4.88309E-02  0.15708     
 4.80311E-02 -0.19734      3.48365E-02  0.14903     -5.23767E-02  1.67430E-02  0.21292     -9.29519E-02 -0.12991      1.63293E-02 
-3.12220E-02  1.58966E-02 -5.79376E-02 -4.79959E-02 -8.69059E-02  6.12938E-02 -4.19719E-02  7.25023E-02  0.36146      1.35262E-02 
-4.77316E-04 -6.17217E-03 -0.19231      0.12803     -1.77095E-03  7.28850E-02  0.14185      2.98786E-02  9.75782E-02  0.11228     
  1.1320     -0.94549       1.0208     -0.27915      0.46829      -1.5992      0.32873       1.3004     -0.15659     -0.14191     
 1.06310E-02 -1.46998E-02  6.03053E-02 -3.96703E-02  4.15160E-02 -9.98380E-02 -0.15042     -2.77053E-02  0.24627     -4.49372E-02 
-3.31698E-03 -1.33600E-02 -5.87683E-02  7.31578E-03 -0.18433     -4.64143E-03 -0.11326      8.03472E-02  5.61321E-02 -0.25502     
 0.16502      9.38984E-02 -2.65482E-02 -0.20392      0.20911      7.24709E-02  7.29833E-02 -6.33229E-03 -4.92696E-02 -0.25615     
-0.11901     -0.16189      8.79133E-02 -7.91642E-02  5.88442E-02 -7.64194E-02 -3.43292E-02 -3.36891E-02  0.17753     -9.29298E-03 
-8.03713E-02  4.23018E-02  6.47355E-02 -2.10264E-02 -1.17778E-02  3.48591E-02 -0.10237     -4.79839E-02 -9.95377E-02 -0.24371     
 4.59919E-02  2.18837E-02  2.74234E-02  5.92616E-02  0.16582      5.47214E-02  0.14564     -1.03687E-02 -2.20842E-02 -2.36042E-02 
-0.10820      0.23085     -0.16218     -7.98009E-02  0.20871      7.13557E-02  6.47653E-02  9.59383E-02  2.93259E-02  0.11233     
  1.1486     -0.70201      0.95724       1.2341      1.45184E-02  0.25810     -0.76622      -1.3899      3.34622E-02 -2.54545E-02 
 0.15680     -8.91864E-02  0.17916     -0.22878      7.54020E-02 -1.79994E-02  3.50991E-02  4.46478E-02  6.11928E-03 -6.29451E-02 
 5.92200E-02  8.01384E-02 -0.21850     -0.10640     -8.73198E-02  1.70086E-02 -0.17040      2.94786E-02 -0.12234     -2.45360E-02 
-2.35501E-02  0.15522      6.82813E-02  0.27535     -0.16125      1.58391E-02  4.72683E-03  1.85343E-04 -0.19794      0.11914     
 9.01613E-02  0.21626      3.51771E-03 -3.27707E-02  6.53753E-02  8.75794E-02  2.39108E-03 -0.11832      9.52809E-02 -8.20345E-02 
-0.10316      1.54952E-02  5.92166E-02  4.29108E-02 -2.36040E-02  0.12825      3.44257E-03 -0.12046     -2.42219E-02 -0.22050     
 0.11909      8.25720E-02  3.17454E-02  2.79724E-02 -2.97438E-04 -6.86053E-02  4.36185E-02  0.10717     -2.39029E-02  0.16157     
-6.43634E-02 -0.27406      3.76625E-03 -2.19694E-02  0.21177     -9.54863E-02 -0.12575     -0.22036     -3.11369E-02  0.11267     
  1.0434     -0.71972      0.65395     -0.23942     -0.24963      -1.1955       1.6962      0.76709      0.14538     -1.65489E-02 
 2.05472E-02 -7.03980E-03  8.52329E-02  9.34258E-02 -1.03559E-02 -6.39695E-02  0.19951     -0.11217     -3.42281E-02 -0.12398     
 6.32008E-03  0.13081      1.11244E-02 -0.14218      5.39529E-02 -6.23043E-02  4.54410E-02 -0.11498     -5.86818E-02 -0.15949     
 0.17605     -1.07292E-02  0.11378     -9.33675E-03 -1.47722E-03  0.11763      0.18883      0.16782     -3.37684E-02 -0.17290     
 0.24910      2.94855E-02 -0.12561     -0.17305      2.04652E-02 -0.13284      3.61461E-02  6.87598E-02 -5.44229E-02 -0.12486     
-2.11019E-02 -6.10378E-02 -5.59594E-02  0.10667     -3.99748E-02 -0.12932     -0.12153      0.19467     -0.17529      9.72798E-02 
-0.19378      7.89421E-02 -0.13997      0.11717      5.30038E-02 -9.62799E-03 -0.17434      1.68958E-02  8.26619E-02  3.77922E-02 
 0.27621     -0.11241      0.17618     -4.88346E-03  4.71602E-02  2.57198E-02 -7.91996E-02  3.08609E-02 -0.12738      0.11217     
 0.98942     -0.94983      0.99338     -0.67014      -1.1878      4.36121E-03   1.4149      -1.2771     -2.03033E-02  0.13593     
 2.62500E-02  0.16872      3.85480E-04  0.17575     -4.58500E-02 -6.68719E-02 -8.55352E-02 -0.10995     -0.11260     -9.05850E-02 
-2.39282E-02  0.11773     -5.75634E-02  7.69630E-02 -0.17891     -3.05396E-02  4.99416E-02 -0.23219     -5.68407E-02  0.12017     
-2.24005E-02 -4.18728E-02 -1.82440E-02 -3.09304E-02 -1.94916E-02  8.08943E-02 -4.60158E-02 -8.64230E-02  4.03080E-02  0.20615     
-7.34047E-02 -0.18286      0.11538      3.02619E-02  5.49190E-03 -0.13357     -7.75353E-02 -0.21989      3.68158E-02  0.16832     
 5.87620E-02  0.13150     -0.23657     -0.21839      6.30503E-03  0.10969      0.13762     -1.97414E-02 -0.11012     -2.93246E-02 
 8.26998E-02  0.14417      6.80999E-02  0.15629      0.14066      6.71638E-02 -0.28048      0.10847     -3.38477E-02  8.13243E-02 
-1.73773E-02  9.68897E-02  0.14422     -2.73611E-02  3.83234E-02 -4.47043E-02 -6.23598E-02 -3.94608E-02  0.13210      0.11263     
 0.98218      -1.0666      0.69070      5.62794E-02 -0.19779     -2.03394E-02 -0.65666     -0.87521      6.24551E-02  0.13657     
-3.17864E-02 -0.12261      0.16935     -6.20243E-03  7.35282E-02 -4.82269E-02  0.13685      1.27303E-02  2.28769E-02 -0.24157     
-9.66447E-02 -0.14754      5.08322E-02  0.27057     -0.15057     -7.67387E-02  5.33201E-02  0.13062      0.18377      1.74008E-02 
-4.62817E-02 -5.51229E-03 -0.13780     -5.26667E-02 -2.20872E-02 -9.80830E-02 -7.97226E-02 -9.68063E-02  0.15361      0.13240     
 0.11663     -1.16366E-02 -8.82963E-02  8.70416E-03  6.29210E-02 -5.03494E-02  1.63402E-02 -4.38575E-02 -7.99308E-02  3.84928E-02 
-4.46438E-02  9.08778E-02  0.17116      0.16708      8.79590E-02 -3.52291E-02  1.61021E-02  0.17551     -0.25088      0.11408     
-4.54948E-02  7.73134E-02  0.20346     -7.76232E-02 -5.19700E-03  9.59800E-02  0.32493      6.02711E-02  4.62848E-02 -1.12506E-02 
-5.97030E-02  5.90105E-02  0.17595      7.26996E-02 -2.35157E-02 -0.17628     -9.28594E-02  0.12725     -9.12970E-02  0.11248     
  1.1478     -0.99227      0.93075     -0.92110      0.38920     -0.37178     -0.10855     -0.63090      0.14059     -0.25356     
-0.15020     -6.03966E-02 -5.83730E-02 -3.05632E-03  0.12377     -8.15591E-02 -5.78027E-02 -9.09679E-03  0.10185     -3.81579E-02 
-7.52712E-02  4.78085E-02 -0.14234     -0.15018      7.98066E-02  1.45750E-02 -0.11638     -0.20422      0.22911      9.73165E-02 
-6.51728E-02 -0.14341     -8.39742E-02 -1.15551E-02 -5.39683E-02 -0.13037      1.50345E-02  6.74832E-02 -7.62594E-02  8.47338E-02 
-3.61062E-02  1.85301E-02 -0.11067      0.15119      0.11003     -4.01544E-02  9.82137E-02  9.91639E-02 -0.15933      4.85859E-02 
 8.04460E-02  0.16764     -0.12706     -2.55478E-02 -3.48686E-02  0.12628     -2.15706E-02  4.92030E-03 -0.11213     -3.12681E-02 
-6.97813E-02 -0.11674     -0.34820     -3.47216E-02 -2.33515E-03 -0.18515      0.20740      1.31373E-02 -0.11179     -0.17387     
-0.12156      2.66654E-02  0.12883     -2.52873E-02 -9.19739E-02  0.14250      4.21564E-02 -0.12112      0.11726      0.11206     
 0.90652     -0.98080       1.1165      0.97384     -0.86519      0.33364      0.51070      -1.2365     -6.24021E-02 -1.95767E-02 
 9.92844E-02 -8.93622E-03 -7.22277E-02  9.64825E-02 -7.61240E-02  4.91424E-02  4.61970E-02  1.45658E-02  0.12394     -0.16732     
-9.37437E-02  8.38531E-02 -0.14200      5.03322E-02 -3.65232E-02  1.83313E-02  0.10182     -0.12722     -1.46183E-02 -0.16657     
-0.18507      8.72724E-02 -0.11750      7.56745E-02 -8.10108E-02  2.23309E-02 -0.17023      0.14636      0.19365     -2.46557E-02 
 0.20737     -8.99252E-02 -2.29147E-02 -0.21255     -0.16545      0.12363     -9.00870E-02  0.21925      1.30771E-02  4.17948E-02 
 3.32700E-02 -0.11296     -4.07940E-02  0.12436     -4.46168E-02 -1.90965E-02  5.39735E-02 -0.19747      6.26161E-02  7.41591E-02 
 3.23636E-03 -0.16745     -5.29902E-02 -5.28099E-02 -2.59993E-02  7.33813E-02  1.66362E-02 -0.23398     -0.23228      2.31680E-02 
 3.89559E-02  1.04187E-03 -0.20146     -0.16191     -6.52083E-02 -0.11945      3.08896E-02  7.31789E-02  0.20935      0.11291     
 0.93110       1.1234      0.94848      -1.7924      0.32893       1.1366     -0.67849     -0.36163     -0.14294     -2.46782E-02 
 9.35602E-03 -0.13447      0.15277      1.36886E-02 -0.15835      5.10040E-02 -5.66547E-02 -0.10191     -0.14819      0.16398     
 9.63562E-02 -3.92306E-02  3.70868E-03  0.16563     -0.12475     -3.96233E-02 -0.11302      0.12479      0.15821      3.49107E-03 
-0.13508      0.16242      4.11952E-02  5.40455E-02  0.10513     -0.14112     -0.17292      0.12295      9.52130E-02 -0.14223     
-8.85701E-02  2.73758E-02  3.72509E-02 -2.22989E-03 -0.23252      1.10339E-02  1.12708E-02  0.13385     -0.12980      2.56827E-02 
-2.63381E-02  0.10664     -7.72236E-02 -0.13142      0.10969     -6.85023E-02 -0.16755      8.28629E-02 -7.12218E-02 -0.13893     
 0.12200     -8.43501E-02 -0.17055      9.11935E-02  6.55240E-02 -0.23154     -7.99353E-02 -8.15932E-02  0.21241      0.10899     
 0.18683     -6.77803E-02  6.58383E-02 -1.80377E-02 -4.91279E-02 -0.10588     -9.55428E-02  2.07320E-02  3.06496E-02  0.11261     
  1.0117      0.80319      0.61550     -0.37950     -0.47430     -0.72318      0.15110      0.65798      0.17780      3.29154E-02 
-0.22714      5.06187E-03 -5.62767E-02  1.38750E-02 -0.18066     -6.80440E-03 -1.11331E-03  1.58376E-02  2.53595E-02 -2.97591E-02 
 9.39937E-02 -0.18998     -2.12516E-02  0.10657     -5.07676E-02 -1.66882E-02  0.23005      0.15915      5.32930E-02  9.08503E-02 
 6.49310E-03 -0.21542      7.86300E-02  9.87568E-02 -0.23904      0.19444     -2.34592E-02 -3.74049E-02  6.50263E-02 -1.17789E-02 
-0.14873      0.12872      0.15046     -1.32186E-02  0.10506      1.54000E-02 -6.19080E-02 -9.42491E-02 -8.41203E-02 -0.15253     
 7.18830E-02  3.73965E-02 -0.15241      0.11422      5.10385E-02 -0.13562      2.70647E-02 -3.00014E-02  0.16794     -0.21314     
-0.17876     -4.38700E-02  6.19951E-02  1.80700E-03  0.29888     -7.27179E-02  8.66624E-02 -0.14398     -0.10461     -0.13506     
 0.11989     -7.55100E-02 -0.10058     -5.51500E-02  0.14889     -3.24866E-02 -4.26448E-02 -7.88779E-02  1.36971E-02  0.11278     
  1.1639      0.91549      0.45852     -0.25339      7.19756E-02  0.19157     -0.78968      5.01667E-02  8.55277E-02 -0.11533     
 2.73829E-02  1.37884E-02 -9.25145E-02 -0.19616     -0.14004     -0.16343     -8.34792E-02  0.15022     -0.21549      0.10468     
 9.39035E-02  3.83134E-02  2.28684E-02  0.23913      7.19713E-02  7.10631E-02 -8.23752E-02 -0.15413      3.92022E-02 -0.15999     
-0.13824      3.22354E-02 -9.14086E-02  7.78709E-02 -7.31082E-02  0.16384      6.25602E-02 -0.11344     -8.20776E-02 -0.10711     
-8.91394E-02  3.68644E-02 -0.17112      8.78294E-02 -1.35185E-02 -8.58592E-02  7.31409E-02  0.27712      0.22059      0.12068     
 0.14251      3.48475E-02  1.51426E-02  7.79153E-02 -8.71052E-02  4.31706E-02 -6.02213E-02 -3.43581E-02  4.53320E-02  9.68418E-02 
-0.26248     -5.55432E-03  0.14468      1.09832E-02  5.41991E-02  6.07889E-02 -9.54851E-02  0.22972     -4.48500E-02  3.34407E-02 
-4.83499E-02  9.64734E-02 -5.27396E-02  0.12768     -2.47575E-02 -2.31914E-02 -0.23018      9.06701E-02  1.91774E-02  0.11285     
  1.0617      0.87148       1.0354     -0.29935     -0.21034       1.4633      0.66316      0.82869      2.21536E-02  5.47512E-02 
 7.79484E-02  8.05562E-02 -6.02383E-02  0.11354      0.20657      6.44907E-02  6.56271E-02 -4.90685E-03  9.21835E-02  0.15517     
 4.31864E-02  1.79994E-02 -4.14971E-02 -0.11021     -0.10115     -2.36357E-02  3.21880E-02 -7.78710E-03 -5.18928E-02  0.13611     
-0.13065      9.10784E-02 -0.11418      3.65446E-02  0.19666      0.13714     -0.10409     -0.17323      5.95820E-02 -8.20754E-02 
 5.11784E-02  0.21484      1.95264E-02 -1.97959E-02 -0.19901     -0.17485     -7.33336E-03 -8.98102E-02  4.36536E-02  0.10235     
-9.48186E-02  8.33658E-02 -3.02392E-02  0.33195      0.26916      0.15859      5.66660E-02  0.10303      8.47013E-02  7.12397E-02 
-0.11013      7.58770E-02  5.16746E-03  0.16226     -5.28979E-02 -0.11905      4.03179E-02 -1.74684E-02 -8.45325E-02 -3.98893E-03 
-6.40524E-02 -4.63536E-02 -0.11801      5.29602E-02 -3.00392E-02  0.30075      6.49315E-02  2.44122E-02 -0.11135      0.11266     
  1.0116       1.1929      0.66396      0.21901      0.82470       1.2124      0.53373      -1.0262     -0.11403     -0.13053     
-0.18890      1.04593E-02  9.30319E-04 -0.12001      0.15453      0.24549     -5.37551E-02 -2.23420E-02  4.74520E-02 -0.12866     
-5.72469E-02 -4.07424E-02  0.13128      1.61233E-03 -6.58452E-03  0.15468     -2.52192E-02 -7.14422E-02 -4.19963E-02 -3.16975E-02 
 0.13733     -0.10920      2.52552E-02  8.88561E-03  9.37448E-02  0.14712      0.13218      4.00568E-02  0.25893      0.14747     
-8.32926E-03  0.21622     -8.15823E-02 -0.15378     -6.14735E-02 -0.11701     -0.12302     -4.72031E-02 -5.59082E-02  4.33575E-02 
 5.21595E-02 -7.95895E-02 -4.01336E-02 -7.18929E-02 -0.19574     -8.37623E-02 -0.14156     -0.12357     -2.30900E-02 -6.63424E-02 
 4.34698E-02 -0.24912      0.18132      9.48869E-02  7.49413E-02 -2.50020E-02 -2.76613E-03  0.18471      0.11344      8.07010E-02 
-0.10558     -9.60646E-03  4.88612E-03  4.63757E-04 -0.23032     -1.63979E-02  0.14843     -6.64179E-02 -0.14604      0.11175     
 0.91180       1.1218      0.79898      -1.5911      -1.7223     -0.27862     -0.30963     -0.85110      2.63328E-02  3.96231E-03 
 5.46613E-02  0.10309     -0.10182      8.24052E-02 -3.38245E-04 -0.10314      2.85749E-02  0.14715      3.79765E-02  0.20834     
 7.21459E-02 -0.24074      0.17924     -8.53007E-02  8.29061E-02 -8.52922E-03  9.50605E-04 -9.80170E-02 -9.75495E-02 -1.81188E-02 
-2.99630E-02 -0.14787      0.10841     -0.11340      0.10820     -0.17634     -1.41531E-02  8.89071E-02 -6.76642E-02 -0.16311     
 9.67294E-02 -7.37083E-02 -2.15490E-02 -0.13418      6.99945E-02  6.39785E-02  0.11177     -4.67284E-02 -0.22375     -0.13422     
 5.02113E-02 -5.79401E-03  0.10002      7.05299E-02 -5.52658E-02  7.61865E-03  9.01581E-02 -0.19807     -9.07580E-02  2.41978E-03 
 0.10070      0.17003      0.15465      0.26056     -7.12678E-02 -0.12040      6.18993E-02  0.17679     -5.63733E-02 -4.33258E-02 
-0.13505     -0.13097     -7.64661E-02 -4.71211E-02 -4.15565E-02 -0.22170      9.68650E-03  5.21313E-02  0.11875      0.11289     
  1.1458      0.89535      0.97740       1.3332     -0.56584     -0.92255      0.39681      0.26509      1.89755E-03  6.53478E-02 
-3.06078E-02 -4.86103E-02  6.94232E-02  8.21583E-02 -4.86798E-02  4.49619E-02  0.21796      2.80817E-02  0.11699     -3.80375E-02 
-2.45691E-02 -0.13654     -1.99192E-02  6.23138E-02  7.79957E-02  0.29222     -1.46390E-02  0.10159     -8.42234E-02 -1.78456E-02 
 0.13384      6.98122E-02  3.40297E-02 -2.90415E-02  0.12849     -0.15444      7.84477E-03 -4.68783E-02  4.77782E-02  0.15930     
 0.11653     -6.53367E-02  0.16591      0.20070      0.29318      0.13669      5.22151E-02  0.15730      8.31495E-03  3.66921E-02 
 0.12797      0.10489      4.17635E-02 -0.18148      0.30350      3.46521E-02 -0.10414      3.88108E-02  5.41359E-02 -5.49177E-03 
-0.15058     -0.12134     -6.91100E-02  7.77730E-02 -0.12460     -4.92626E-03 -0.20190      0.10444     -9.28847E-02  0.13687     
-9.74879E-03  2.88047E-02 -0.18536     -7.47694E-02 -5.77164E-02  5.73174E-02 -6.07892E-02 -3.93130E-02 -8.24911E-02  0.11316     
  1.0261       1.2765       1.0189      0.18764      -1.9747     -0.53999       1.1082       1.6584     -4.37722E-02  5.66431E-02 
-7.43474E-02 -9.34110E-02  8.75081E-02  2.29245E-02  8.10333E-02  2.37643E-02 -6.28541E-02 -8.71896E-02  4.73228E-03  5.32649E-02 
 2.98166E-02  6.28467E-02  2.75499E-02  0.13588     -0.18601     -0.11771     -0.28088      8.92957E-02  1.42975E-02 -6.13384E-02 
-0.11378     -1.03378E-02  7.98797E-02 -0.10580     -4.47111E-02 -8.00316E-02  0.13359      2.74715E-02  2.52796E-02  0.17624     
 1.90602E-02  0.10943     -0.17392      1.36980E-02  5.44689E-03  5.40153E-02  0.17672     -0.13453      0.15014     -0.19951     
-8.11217E-02 -1.58761E-02  1.95492E-02 -0.13570     -0.14314      0.10064      0.15149      5.25651E-02  0.19095      0.14155     
-0.13883      7.70983E-03 -1.99010E-02  2.70519E-02 -0.10309      0.12449      1.95527E-02 -7.00038E-02  7.09214E-02 -0.12866     
 0.17329      5.17829E-03 -0.12541      0.10282     -0.12489     -4.40914E-02  0.17525     -0.11173      0.21861      0.11260     
  1.1229       1.1685       1.1749      0.62928      0.55960     -0.69144      0.38838     -0.32291     -3.01443E-03 -0.10341     
 8.24523E-02  0.12591     -3.50622E-03  9.39592E-02 -0.13937      6.14315E-02  6.34767E-02  0.19055     -3.89936E-02  1.92398E-02 
-1.36566E-02  8.17248E-02  7.88294E-02  7.16672E-03 -3.63350E-02 -0.12535      5.28843E-02 -0.13221      4.34223E-02  1.07873E-02 
 0.25660      7.09911E-02 -8.28710E-02  4.68392E-02  7.90313E-02 -0.17529     -0.14141     -0.18234      7.77502E-02 -3.52435E-02 
-0.18665      2.43216E-02 -1.95423E-02  9.50997E-02  6.92561E-02  5.73598E-03 -3.56804E-02 -2.64525E-02 -5.91741E-02 -4.40053E-03 
-0.25326      1.52639E-02 -0.16131     -2.46931E-02 -0.27360      2.03716E-02 -0.18634     -0.10079      0.15971     -2.32841E-02 
-7.76836E-02  0.12923      1.25014E-02 -3.39596E-02 -0.32401      0.11199      5.26355E-02 -0.23788     -4.08885E-02 -7.01561E-02 
 5.86750E-03 -2.28502E-02  0.12195     -3.30276E-02  3.43734E-02 -8.15447E-02 -6.58563E-02 -3.74621E-02 -0.22595      0.11242     
 0.95747      0.94666      0.78101      0.38857      0.65699      0.32040     -0.85164       1.0132      3.89283E-02 -0.11064     
 5.44769E-02 -9.14204E-02 -1.99766E-02 -6.96093E-03  6.51170E-02 -2.61026E-02 -0.22072     -0.18488     -8.18487E-02  6.48650E-02 
-0.29556     -9.56457E-02  0.12221     -2.41972E-02 -7.92424E-02  4.38977E-02  0.12076      8.77030E-03  0.17148      1.01506E-02 
 1.40902E-02  1.12280E-02 -4.08633E-02  4.67817E-04 -0.11748     -2.72587E-02  0.16369     -4.74129E-02 -0.11201      9.36615E-02 
-2.06123E-02 -3.08088E-02  0.15163     -3.79398E-02 -0.22492      3.80204E-03 -2.09446E-02 -1.64385E-02 -0.12675     -3.89075E-02 
 0.20705     -9.86094E-02  0.30002     -3.87856E-02  7.21776E-02  4.42690E-02 -4.98317E-02 -0.21437     -1.79755E-02  0.15293     
 5.96951E-02  0.17167     -6.63233E-02  7.52459E-02 -2.76319E-02  0.25327     -5.64993E-02 -7.23319E-02 -6.17710E-02 -4.66852E-02 
 0.10951     -5.29399E-02  4.28190E-02 -0.18827      3.24348E-02  0.15228     -0.14582     -0.12375     -0.12663      0.11313     
 0.77168      -1.1731      -1.0696     -5.42511E-02  -1.8169      0.84730      -1.7015     -2.19314E-02 -4.72336E-02  5.09640E-02 
-8.08523E-02  2.72717E-02 -1.76079E-03  7.19205E-02  5.02708E-02  0.21124      0.18821      8.92838E-02  1.54125E-02 -2.31459E-02 
-3.59536E-02 -1.16249E-02  4.89707E-03 -0.14482      2.44508E-02  0.21857      3.45962E-02  0.10777      6.63595E-02 -0.10756     
-8.83691E-02 -8.77402E-02  0.10871      5.78655E-02  0.13070      0.15823      9.70100E-04  0.11506     -4.97166E-02 -8.26438E-02 
-0.19845      1.32518E-03  0.12170      7.77798E-02 -6.95712E-02  8.39171E-02 -0.21979     -0.14290      0.18423     -4.82382E-02 
-6.41342E-02  8.65365E-02  0.11601      8.68662E-02 -3.94678E-02  1.75686E-02 -7.26163E-02 -0.14729      1.71797E-02  7.23634E-02 
-0.18763      5.39406E-02 -9.82204E-02 -2.33243E-02 -0.16813     -1.53706E-02 -5.66409E-03  5.92661E-02  0.14053     -5.14652E-02 
 4.69139E-02  0.15980      0.30022     -6.03727E-02 -2.65559E-02 -4.35559E-02 -0.12415     -2.34446E-02  0.26074      0.11325     
 0.94028     -0.90508     -0.76360      0.49323       1.5127      0.93965      1.58003E-02  0.77855      9.63697E-03  5.13641E-02 
-3.42397E-02 -0.10846      0.14795      0.17320      6.72805E-02  8.02298E-02 -0.17008     -2.31118E-02 -0.19447      5.55232E-02 
 0.12887      2.37435E-02  0.15519      9.90354E-02  3.77069E-02  6.76511E-04 -0.11220      9.10652E-02 -0.19046      9.18831E-02 
-2.91539E-02  2.67681E-02  2.16527E-02 -1.60553E-02  3.30338E-03  1.15137E-02 -7.74462E-02  0.24930      6.60238E-02  1.13086E-02 
-8.55196E-02 -0.10441      0.16037     -0.19265      0.22513     -8.67753E-02  0.14041     -1.11050E-02 -0.14954      1.38479E-02 
-0.18811     -0.14296      8.03866E-02  0.12103     -0.10492      1.53773E-02 -0.11200      3.80428E-02 -6.55558E-03  3.92472E-02 
-9.87560E-02  1.41179E-02 -3.59311E-02 -0.14020      6.12914E-02  3.26976E-02 -9.42846E-02 -3.81893E-02 -0.28116      4.80575E-02 
-0.25883      1.01310E-02  3.56943E-02  7.89139E-02 -6.28138E-02  0.13821     -0.15781     -0.10509      0.13199      0.11349     
 0.88194      -1.0037     -0.80153     -0.83576     -0.16556      0.75520     -0.70670      0.64217     -6.70311E-04  0.26617     
 3.02052E-02  3.10866E-02 -8.87274E-02 -0.15280     -0.19592      0.24246      2.62382E-02  0.10446     -0.10404      7.87140E-02 
-2.00336E-02  1.88712E-02 -1.24415E-02 -6.04484E-02 -9.47738E-03 -4.80276E-02 -3.31015E-02 -2.86669E-02  5.28284E-02  9.30643E-03 
-6.30282E-02  5.42288E-02 -0.14896     -0.20760     -2.52795E-03 -9.05315E-02  1.82809E-02  0.11804      0.14666      9.79248E-03 
 0.18313      0.11299      0.14504      9.77333E-02  8.35683E-02  5.00095E-02 -5.88202E-02  0.15220      0.22600     -5.60808E-02 
 0.12825     -4.92584E-02  1.61772E-02 -0.11017     -0.27541     -7.75698E-02  9.20101E-02  0.12599     -2.95977E-02  5.29626E-02 
 6.30862E-02  0.19700     -9.55568E-03  0.11797      0.12139     -0.15896      0.12100     -1.25161E-03 -0.12199     -7.51296E-03 
-2.29279E-02  6.59321E-02  3.38093E-02 -0.14469      9.28344E-02  0.15711      0.10052     -0.16074     -0.19710      0.11336     
 0.66677      -1.0495      -1.0347     -0.74661     -0.15978      -1.7616      0.30740      0.76424      0.12861      2.19588E-02 
-8.61640E-03 -4.57409E-02 -0.14796      7.91171E-02  0.11056     -5.25593E-02 -0.13437      1.50511E-02  1.12440E-03 -1.23895E-02 
 1.00836E-02 -5.67767E-02 -0.15924      0.11482      0.11694      0.14418      0.18445      8.93135E-02 -0.14378      1.39544E-02 
-5.57258E-02  0.20073     -9.73313E-02  0.16796      0.18943     -8.02789E-02 -8.69067E-02 -3.83486E-02 -1.14608E-02  7.72422E-02 
-2.06679E-02 -0.13191     -0.23076      4.78123E-02  2.92520E-02 -1.52766E-02  1.74412E-02 -0.14901     -2.00739E-02 -2.04996E-02 
 9.32907E-02 -8.91578E-02  0.15984      0.16392     -0.25469      2.53674E-02  0.13340      5.67162E-02  5.91467E-02 -9.15799E-02 
 9.16472E-02 -8.64679E-02 -8.35615E-02  0.10812      7.08399E-02 -0.10022     -0.10931     -0.12698      0.27388     -2.40481E-02 
 6.20362E-03  0.13950     -6.57819E-02 -4.02423E-02 -0.12315     -6.38116E-02 -0.12554     -0.17616     -0.16741      0.11387     
 0.89088     -0.78179     -0.66475     -0.52352      -1.1481       1.3748      0.93090     -0.41127      0.13216     -0.13351     
 2.86620E-02 -6.75405E-02  0.13512     -9.50903E-02 -2.91724E-02 -7.70715E-02  0.19422      8.21481E-02 -8.03203E-02  0.16298     
 6.40404E-03 -0.11828     -8.69310E-02  6.31539E-02  8.94338E-02  2.47752E-02  9.32280E-02 -2.75649E-02 -1.28931E-02  0.13648     
 5.82569E-02 -0.13971     -0.10640      0.24940      0.11288     -7.85180E-02  7.60729E-02  7.27119E-02 -5.46205E-02  7.58324E-02 
-7.88458E-02 -0.17566     -1.78239E-03  2.01326E-02 -9.37434E-02 -9.00963E-02 -0.10623      8.20665E-02 -2.89604E-02 -9.03926E-02 
-0.27784      6.62475E-03  6.55196E-02 -6.45019E-02 -6.16973E-02 -1.25562E-02 -7.68380E-02  0.15921      0.17143      0.13929     
 0.20526     -8.76810E-02 -2.82127E-02  3.78359E-02  0.14286      0.25436      6.55500E-02  0.17119     -3.10612E-02  5.09763E-02 
 8.33734E-02  4.45329E-02 -9.79608E-02 -7.22270E-02  0.16075      0.10386      0.24881      6.25868E-02  5.72875E-02  0.11374     
  1.0230     -0.89844      -1.0666     -8.80897E-02  0.23862       1.8873      -1.3210      0.29013     -9.86591E-02  1.27777E-02 
 0.11532      5.03972E-02  3.89997E-02  9.57047E-02 -8.77658E-02  1.49733E-02 -0.12155     -0.11529     -3.40802E-02  2.82164E-02 
-2.01836E-02  3.72579E-02 -3.35883E-03  6.61474E-02 -0.13070     -7.82456E-02  0.10316      5.39751E-02 -0.35034     -2.85317E-02 
 0.20415     -0.16338      2.94744E-03 -0.10432      0.10306      9.98332E-02 -5.70835E-02 -0.19156     -0.18759     -0.14328     
 1.97867E-03  0.10963     -0.19556      0.15790      0.10792      4.20561E-02 -4.24313E-02  8.27068E-02 -3.52720E-02  1.91639E-02 
 4.77760E-02  0.14278      2.68739E-02  2.18194E-02  4.28066E-02 -1.58181E-02  3.30360E-02 -3.76274E-02 -0.17905      0.11188     
 0.12346     -0.22761     -1.15731E-02 -0.11373     -2.14986E-02  4.17362E-03  7.85687E-02  3.25803E-02 -0.17867     -8.59594E-02 
 0.26354     -2.40004E-02 -2.60598E-02 -1.34316E-02 -7.83952E-02 -9.37157E-02  6.44713E-02 -0.23093      2.12008E-02  0.11310     
 0.97778     -0.93073     -0.55112       1.3612       1.0601      0.12048     -0.30260     -0.14014     -0.14869      2.82973E-02 
-7.60844E-02  0.10356     -3.99511E-02 -8.44344E-02 -7.67252E-02 -9.34673E-02  2.08493E-02  4.17820E-02  0.17800     -9.22320E-02 
-7.20837E-03 -9.88496E-02 -1.18908E-03  8.89177E-02 -7.83789E-02 -5.16344E-02 -0.10365      0.17597      1.20551E-02  0.16080     
-4.54362E-02 -0.14005      1.90196E-02  0.13661      0.10976     -2.81545E-02 -6.63064E-02 -0.12998     -0.16850     -6.81652E-02 
 8.12165E-02 -6.71911E-02 -5.10156E-02 -0.13676     -0.13152      0.13327     -6.61493E-02  3.59513E-03  6.14287E-02 -4.80637E-02 
 1.11567E-02 -0.29976     -0.10622     -0.15354     -4.32563E-02  0.14159     -1.26430E-02  0.14618      3.64050E-02 -6.54774E-02 
-4.17249E-02  0.14928     -9.10445E-02 -7.66581E-02  5.07541E-02 -7.15576E-02 -0.17556      0.17702     -0.10440     -0.30385     
-1.03180E-02 -0.12279      8.71199E-02 -0.10104     -0.24946      3.67730E-02 -3.68349E-02  0.20033     -0.10370      0.11391     
 0.96798      -1.2186     -0.58178      0.73387       1.0159     -0.23970     -0.22330     -0.24867      2.78184E-02 -7.05180E-02 
 4.25857E-02 -6.02394E-02 -3.02799E-02  6.61125E-03 -6.58745E-02  8.72646E-02 -8.64704E-02  0.15630     -5.92194E-02  7.12522E-02 
 8.41103E-02 -9.36814E-02  0.13888      1.34446E-02  5.27677E-02  0.19536     -5.96692E-02  0.12102      7.73297E-02  9.06383E-02 
 0.16364      5.34159E-02 -6.79279E-02 -0.14313     -2.26918E-02 -8.54396E-02  0.15320     -1.07264E-02 -0.24776     -5.36459E-03 
 0.14104      3.23413E-03 -0.13881     -9.92652E-02 -8.02132E-02 -0.10795     -5.43839E-02  2.08043E-03 -2.77066E-02  5.58580E-02 
 3.67211E-02 -9.65701E-02 -0.36716      2.08489E-02  0.17086     -8.34258E-03  0.26452      4.95526E-02  8.98904E-02 -4.12910E-02 
-5.68215E-02 -1.05196E-02  0.16643     -6.92654E-04 -7.79374E-02  6.73179E-02  0.13098     -0.18142      0.13805      0.26894     
 1.18247E-02  2.38556E-02  0.11787     -0.17682     -2.11832E-02  5.69358E-02  2.00221E-04 -3.78410E-02  0.20735      0.11342     
  1.0511     -0.65154     -0.94746      4.21876E-02 -0.81054     -3.27462E-02  0.44729       1.1655     -0.12019     -8.54340E-02 
-0.14015     -0.11717     -4.68909E-02 -0.13927     -3.34364E-02  9.43462E-02  4.49568E-02 -3.53648E-02  0.30558      7.28132E-02 
 4.12714E-02  9.17499E-02 -2.24242E-02  2.56080E-02  3.60136E-02  4.30681E-02  0.13835     -0.16994      2.81890E-02 -7.24179E-02 
 6.51944E-02  4.64802E-02  8.60513E-03  0.12278     -8.07104E-02 -0.14627     -6.39258E-03 -9.92785E-02  5.44959E-02 -0.24555     
 9.53735E-02  7.20617E-02  7.36860E-02 -4.77215E-02 -2.10442E-02  9.98964E-02  0.14363     -3.34181E-02 -0.15862      8.34535E-02 
 3.45402E-02  0.19387      1.56973E-02 -4.26603E-02  4.16610E-02 -2.10022E-02  1.31413E-02  9.21291E-03  0.13132      0.12103     
 0.13850      0.27692      0.16212     -0.31239      0.17485      1.88218E-02 -0.14626     -1.62196E-02  7.31588E-02  8.91865E-02 
-5.36867E-02  4.21041E-02  8.97333E-02  0.21377     -0.10684      3.06082E-02  3.14631E-02 -0.15647      6.68495E-02  0.11328     
 0.60314     -0.99677     -0.85167     -0.60059     -0.45804      0.36068     -0.15919     -6.47175E-02 -0.12302      0.17489     
-5.06774E-02  8.80003E-02 -9.64658E-02 -4.68598E-02  5.91426E-02 -0.17396     -2.18282E-02  0.23982     -1.02304E-02  2.74723E-02 
-0.19197      0.11793      2.16122E-02  2.31761E-02 -8.84067E-03 -4.11133E-02  2.60872E-02 -3.44097E-02  0.12307      9.90072E-02 
 0.10591      0.10119      0.19699      7.59285E-02 -3.20389E-02  0.10907     -7.49683E-02  1.36525E-02 -2.17635E-03 -1.19022E-02 
 9.00326E-02  0.23386      0.10694      1.53158E-03  5.98417E-03 -0.20823      0.20301     -0.18631     -0.12829     -0.17225     
 9.26740E-02 -6.41405E-02 -6.36215E-02 -0.13311     -4.07019E-02 -3.74820E-02 -9.19146E-02  4.00321E-02 -2.01605E-02  0.11578     
 0.11154     -0.16103     -7.24190E-02 -0.16272     -0.17247     -4.14075E-02  6.40928E-02  6.35955E-02  4.29606E-02  7.67872E-02 
 4.06128E-02  0.18337     -0.28051     -9.03486E-02  8.84865E-02  4.78940E-02 -0.21256      0.16475      5.24567E-02  0.11307     
 0.82333      0.94566      -1.3808     -0.31586      0.34684      -1.1972      0.24041     -0.25729     -1.47339E-02  3.38726E-02 
 5.14457E-02 -0.10814     -7.86204E-02  5.60586E-02  0.12943     -0.11217      9.49761E-02 -2.28591E-02  9.26881E-02 -0.18059     
 4.72061E-02  0.26091      0.23186     -0.10110     -9.76610E-02 -0.16618      0.12066      0.16882      7.81215E-02  5.15136E-02 
-0.12859      7.94648E-02 -9.95943E-02 -7.88838E-03  4.42799E-02  0.14299      8.82857E-03  3.74975E-02 -0.12760     -6.39813E-02 
-7.54182E-02 -6.16645E-02  6.11343E-02  0.14923     -4.67014E-02  3.92807E-02  8.41644E-02  5.86337E-02 -3.13915E-02  6.64887E-02 
 0.19985      1.43256E-03  9.58664E-03 -6.23265E-03 -7.52702E-02 -0.23499     -4.75089E-02  0.13802      0.29170     -0.14422     
 0.11529     -5.63901E-02 -2.62871E-02  0.15799     -0.11172      0.10276      8.00595E-02  0.17443     -0.18477      0.18306     
-5.94748E-02 -9.98038E-02  0.11849      4.32327E-02 -6.32064E-02 -0.10424      8.73141E-02 -6.29520E-02  7.20050E-02  0.11346     
 0.82859      0.74501     -0.85679      0.96529     -0.10329      -2.4025     -0.66517      0.81346     -2.17812E-02 -0.14964     
 1.29901E-02  0.11091      9.27276E-02 -6.94772E-02  0.14917     -4.48786E-02 -0.15792      7.46324E-02  5.12857E-03  6.96684E-02 
 2.85736E-02 -2.22677E-02  4.49578E-03  0.11049      0.10230     -0.22230      9.71729E-02 -0.14903     -6.99784E-03 -6.56918E-02 
 1.19891E-02  4.95188E-02  0.10131      1.77287E-02  3.67461E-02  1.56701E-02 -0.13178      3.07358E-02  0.15849      0.16772     
-1.74653E-02  3.53269E-02 -4.01361E-02  4.61635E-02  0.15778      2.64175E-02 -0.17506      2.22427E-02  0.14304      7.90004E-02 
 3.99857E-02 -0.11332      9.86668E-02  2.45415E-03  0.16187     -0.12624     -5.72749E-02  9.19763E-02  3.34641E-05  0.11879     
 0.17111     -4.33426E-02  0.17892     -3.58533E-03 -7.02328E-02 -0.22713     -4.85535E-02 -3.63106E-02  4.08856E-02 -8.84352E-02 
 7.27559E-02 -0.20793      0.18990     -0.13788      9.80270E-02  0.21900      4.38661E-02  9.23971E-02  0.26633      0.11362     
 0.88414      0.77485      -1.1004      0.98593     -2.78904E-03   2.1669     -0.11302     -0.51213     -0.12090      4.15802E-02 
 3.61488E-02 -8.12047E-02 -0.23196     -9.64615E-02  8.51048E-02 -0.13856     -9.04895E-02  2.85114E-02 -9.81462E-02 -0.17517     
 0.13827     -3.97651E-03 -0.18770     -0.13526      0.19493      3.52416E-02 -6.96025E-02  0.18153      0.13822     -2.11610E-02 
 3.40339E-02 -0.10532     -8.81790E-03 -2.22292E-02  0.14507      4.31489E-02  4.62727E-02  3.59920E-02  0.14969     -2.97193E-02 
 8.23912E-02  1.98446E-02 -3.04446E-02  0.14349      0.14314     -0.13940      9.54473E-02  1.17476E-02  5.44551E-02 -3.96930E-02 
-6.58733E-02  0.17315     -2.63925E-02 -4.77003E-02  5.77583E-02 -0.11244      3.83603E-02 -7.55056E-02 -5.98197E-02  1.92918E-02 
 0.13410      7.62569E-02  6.89578E-03  0.13627      7.12104E-02  0.24921     -0.15215     -0.31105      2.67160E-02 -0.16967     
-7.00225E-02 -0.21050      1.72114E-02  6.19331E-02 -8.57367E-03 -3.51006E-02 -6.41878E-02  0.13888      2.43324E-02  0.11253     
 0.88970      0.50239      -1.0877       1.0817     -0.63560      1.09937E-02 -0.26613     -0.28721      0.14116      1.85608E-02 
-7.52504E-02  2.79584E-03  0.10359     -3.19716E-02  2.77652E-02  2.04404E-02 -7.19641E-02  0.16218      0.13542     -6.14610E-02 
 6.89701E-02  0.11367     -6.73380E-02 -8.52681E-02  7.66128E-02  1.31181E-02 -0.17628      9.46089E-02  0.14473     -3.16203E-02 
 8.69994E-02 -2.56305E-02 -5.74093E-03 -0.26569     -0.32786     -4.58191E-02 -0.12986     -5.05110E-02 -4.22276E-02  2.29027E-02 
-0.26374     -0.18893      4.49311E-03  1.89629E-04 -0.18728     -4.07954E-02 -0.12760     -1.09438E-02 -7.26148E-02 -7.66849E-02 
-0.11593      0.11034      6.53261E-02  0.15788     -6.24174E-02 -0.12092      0.16741      2.25745E-02 -0.15364      8.98850E-02 
 6.96045E-02 -3.38172E-02  3.21790E-02 -2.85770E-03 -7.93295E-02 -0.15846     -0.26819      8.21321E-02 -8.85293E-02  0.12723     
 0.10713     -1.37348E-02 -0.18265      8.57715E-03 -0.10209      3.99191E-02  5.18226E-02  4.46930E-02 -0.17387      0.11324     
 0.98224      0.77077      -1.2009     -0.47624     -0.19282     -0.87405     -0.13786     -0.73320     -1.95289E-02  0.10542     
 3.49747E-02  2.57584E-02 -0.11273      0.13875     -3.77203E-02  5.23525E-02  1.86139E-02  9.24685E-02  3.78927E-02  9.55276E-02 
-4.88918E-02 -4.64626E-02  0.21839     -6.90111E-02  5.07610E-02 -9.80241E-02 -4.36741E-03  2.96470E-02 -0.10479     -0.11634     
 5.35143E-02 -0.11536      8.21643E-03  4.39348E-02 -0.27134      4.92823E-02 -3.59135E-03  0.13594     -4.33349E-02  0.15202     
 0.18404     -6.42506E-02  3.52720E-02 -0.11382     -0.14726      1.89085E-03  0.23100      0.10689      0.16797      0.19222     
-0.16713      0.25991      0.11042     -1.08178E-02  4.04869E-02  0.22465     -1.11853E-02  3.23226E-02  3.30554E-02 -0.28485     
 0.11361     -0.20762      4.52809E-02 -6.77894E-02 -1.37542E-03  5.96055E-02 -5.15785E-03 -3.39173E-02  0.12437     -0.19769     
 3.67508E-02  8.37631E-02  0.11567     -9.78427E-03  1.08436E-02  0.11177     -4.43606E-02  4.52626E-02 -0.13642      0.11395     
 0.98546      0.90711     -0.94912     -0.47768     -0.26087     -0.68652      -1.7841      0.52894      3.15845E-02  0.14799     
 9.33960E-02 -6.81184E-02 -0.12776      2.96212E-02  0.19710     -8.35783E-03 -2.53396E-02 -0.11342     -7.09254E-02  0.10958     
-4.26742E-02 -2.89397E-02 -4.89812E-02 -0.11763      3.15150E-02  8.62089E-02 -1.19486E-02 -0.19147      5.15314E-03 -0.10026     
 7.29861E-02 -0.18990     -0.13787      0.11392     -7.94765E-02 -0.12625     -0.10061      7.33833E-03 -5.12149E-02  5.18354E-02 
-4.01226E-02  0.12005     -6.75639E-02 -5.11014E-02  2.18348E-02  8.89573E-02 -0.16456     -9.70869E-02  4.61439E-02  3.69781E-02 
-7.23598E-02 -0.27100     -2.78313E-03 -0.18255      0.12681     -0.10307     -6.12240E-02  9.25374E-02 -0.11289     -0.21739     
-6.92863E-02  8.40541E-02 -6.02361E-02  2.20730E-02  3.33776E-02  3.27275E-02  7.17182E-02 -0.12501     -0.16671      0.18726     
 0.11008      0.17492     -7.24788E-02  0.34045     -7.09176E-02 -7.99602E-02  3.76937E-02  0.16655     -3.79796E-03  0.11396     
 0.94108       1.1209      -1.7380      7.20143E-02  0.72660     -0.33475      0.26444     -0.86761      5.17526E-02  9.40529E-02 
-3.69791E-02 -0.10915     -8.60977E-02  0.15405     -5.63589E-02  0.23283      7.35842E-02 -0.18936     -0.13122     -3.50432E-02 
-2.55755E-02  9.58912E-02 -0.17623     -0.11499      1.57678E-02 -0.16650      2.61377E-02 -9.67717E-02  8.81507E-02  1.10183E-02 
-6.58109E-03  0.10874      7.82247E-02 -9.44127E-02 -0.10401      2.11584E-02  0.15220     -0.30094      3.61916E-02 -0.15028     
-3.93371E-02 -0.11595     -1.05165E-03 -3.81333E-02  0.16701     -0.10856     -9.40221E-02  0.14448     -3.67839E-02 -0.15492     
-0.14728     -0.17376      0.11291     -9.57046E-02  0.14446      0.24700      4.17482E-02 -6.68645E-02  0.15964      6.91342E-02 
 4.92620E-02 -9.35700E-02  6.15624E-04  1.41156E-03  0.10631     -0.10541      0.13953      0.11377      0.16181     -1.56947E-03 
-0.12802     -3.08888E-02 -3.94510E-02 -6.11554E-02 -5.82602E-02 -0.11523     -0.10172      7.72500E-02  5.10150E-02  0.11296     
  1.0590      0.99902     -0.92394     -0.85276      0.33558      -1.0492      0.27717      0.18301     -9.78056E-02 -3.22653E-03 
 6.87065E-02  0.11431     -7.32051E-02  3.17329E-02 -8.65842E-02  4.34265E-02  7.55877E-02 -7.56253E-02  1.32451E-02 -4.73234E-03 
-6.87641E-02 -0.10807     -4.52037E-02 -3.91496E-02  6.56697E-03 -6.94563E-02 -1.63283E-02 -4.62136E-02 -6.68079E-02 -4.79435E-03 
-0.24582     -2.81304E-03  0.10725     -7.23071E-02  0.10340     -3.12454E-02  0.17090      4.29744E-02 -0.11503      9.65031E-02 
-0.10685      0.16687     -0.11816      6.53314E-02 -0.11985     -1.62486E-03 -6.93941E-02 -5.41557E-02 -0.10950      0.20854     
-0.10949      6.63880E-02  9.30752E-02 -6.16233E-02 -2.63177E-02 -0.20774      9.94137E-02  0.12449     -0.12996      1.33705E-02 
-0.21532     -5.21410E-03 -7.92483E-02 -0.34069      3.70607E-02  8.18779E-02 -0.12460     -5.79057E-02  2.68983E-02  7.35005E-02 
-0.29567     -0.12823     -0.13254     -0.23464      0.19083     -0.13399      7.32444E-02  2.08852E-02 -6.71000E-02  0.11367     
 0.96058      0.81418     -0.98359      0.34056       1.3702      3.29348E-03   1.5498      0.28245     -0.11774     -0.15493     
 5.46695E-03 -2.87484E-02 -2.30031E-02  0.17525      7.98154E-02 -2.62688E-02  6.73942E-02  7.46966E-02 -9.45261E-02  7.82285E-03 
-9.85495E-03 -0.15923     -3.70239E-02 -4.38812E-02  4.11983E-02  0.12099     -0.12909     -2.36035E-02  2.41085E-02  0.11619     
-9.26773E-02  6.56934E-02 -3.97114E-03 -7.70487E-02 -8.00753E-02  0.13290     -0.16024     -7.63666E-02 -5.85158E-02 -3.09743E-02 
 7.30414E-02 -7.37552E-02  4.85869E-02  1.77990E-02 -9.27709E-02  0.28913      9.83084E-02 -9.90652E-02  7.57231E-02 -0.16397     
 0.17299     -7.71724E-02 -0.10919      1.91072E-02 -2.24221E-02  9.55131E-02 -0.12915     -6.51755E-03 -0.10934      0.24899     
 2.31252E-02 -0.17380      7.24548E-02  4.93142E-05  7.81785E-02 -4.33324E-02 -3.49351E-02 -8.01749E-02  9.61913E-03 -3.78708E-03 
-5.82017E-02  8.81563E-02  0.17197      0.20594      0.35882     -0.14514      0.20123     -2.48621E-02 -0.11496      0.11349     
 0.78066      0.82754     -0.84134     -0.20016     -0.15413      0.21555      0.98741       1.3452      3.78545E-02  4.07068E-02 
-1.12293E-02  0.18247      0.10317     -0.17000     -1.78553E-02  4.51751E-02 -7.03552E-03 -0.26203      0.12689     -2.11162E-03 
 3.38356E-02  0.10084      8.81546E-02  0.16258      0.22952      8.73207E-02  0.19139     -1.18069E-02 -5.71750E-02  0.21224     
-0.10064      0.13401      0.19794      0.11341     -6.53031E-02  7.04165E-02 -6.38495E-02  2.47337E-02 -7.90901E-02  1.07885E-03 
-7.79278E-02 -0.14406      4.66393E-02 -6.00950E-02 -2.90596E-03  2.42586E-02  3.84933E-02  0.14774      0.18999     -0.12039     
-3.28110E-02  6.80981E-02 -0.15328     -7.86044E-02 -2.00114E-02 -2.42372E-02  6.28957E-02 -0.13400     -0.33672     -4.06797E-02 
-1.38546E-02  6.89896E-02 -5.48038E-02  6.03503E-02 -0.17244      0.10794      0.28327     -6.64390E-02  7.32543E-02  4.32172E-02 
-9.00178E-02 -6.41264E-02 -5.36281E-02  6.99046E-02 -0.11218      6.05549E-02  5.22899E-02  4.15631E-02 -5.39438E-02  0.11404     
 -1.0001     -0.71388      0.63115      0.10612      -1.0546      0.72309     -0.42628      -1.1788     -0.23219     -3.33410E-02 
 0.15386     -3.31600E-02 -0.12216     -9.69013E-02 -0.10871      8.89686E-02  0.18886     -0.20429      0.14886      7.74995E-02 
-0.12290     -0.19400      0.18390     -1.40808E-02  2.32504E-02  3.74897E-02 -0.15288     -0.10808     -7.38098E-02 -3.75752E-02 
 0.10091      0.31307     -0.14109      8.41548E-02 -0.22344      0.16333      7.78251E-02 -9.32464E-03 -2.59435E-02  9.34825E-03 
-0.17495     -0.10611     -5.17086E-02  0.18660      7.56354E-02 -1.63571E-02  1.41251E-02 -9.55962E-02 -0.15778     -8.13943E-02 
-2.31327E-02 -8.22654E-02 -1.13540E-02  3.75649E-02 -6.09919E-02 -0.12135      7.24298E-02  0.21333     -5.33324E-02 -4.50537E-03 
-1.57958E-02 -9.31595E-02  6.08443E-02  0.14410      2.50648E-02 -4.42307E-02 -2.43631E-02 -9.45443E-02 -2.86237E-02 -0.19870     
-4.45443E-02 -5.61665E-02 -2.10574E-03  7.67499E-02 -2.29230E-02  0.13638     -9.41988E-02  4.32474E-02  0.11012      0.11089     
 -1.1649     -0.92901      0.99928     -0.32848     -0.26107      6.82047E-02 -0.54037       1.0526      5.19621E-02  0.15619     
 1.10530E-02 -0.36682     -2.38451E-03  2.24626E-02  6.66425E-02 -8.62421E-03  6.81056E-02 -1.16749E-02  7.64643E-03  0.13645     
-0.17788      3.79206E-02 -0.29128     -3.12807E-02  0.16780     -6.31314E-02 -3.86663E-03  2.42214E-02 -5.57725E-02  0.11436     
-8.17265E-02 -3.72804E-02  6.04434E-03 -5.02841E-02  7.88584E-02  1.83507E-03  3.64154E-02 -0.25172     -4.77899E-02 -3.19490E-03 
-8.12479E-02 -1.07605E-02  0.16619     -0.16505     -3.82416E-02 -3.62423E-02  0.15777      0.11900     -5.04672E-02  0.11520     
 4.57591E-02 -1.95441E-02 -5.81043E-02 -4.64729E-02 -0.19903     -9.58152E-02 -9.07342E-02 -2.65392E-02 -0.13003     -0.18452     
-0.13015     -0.10350      0.33819      3.59995E-03 -0.18654     -8.64625E-03 -0.10834     -6.62442E-03  1.18307E-02 -8.82926E-02 
 8.61635E-02 -6.02467E-02  8.27043E-02 -7.86902E-02  3.39843E-02  3.83269E-02  0.13437      3.08673E-02  9.92291E-02  0.10983     
-0.80230     -0.91646       1.0355      -1.6626      0.46277      -1.3710      -1.7175      0.34859      6.38066E-03 -0.12630     
-0.18808      6.39179E-02  0.10802      0.18166     -3.61484E-02  0.19745      1.36234E-03 -1.06046E-02 -0.19287     -2.28970E-02 
-0.19659      0.13345     -7.65421E-02  0.10388      3.15656E-02  0.12703      4.49713E-02  0.10550     -2.59535E-02  0.15999     
 2.79221E-02  7.36021E-02 -3.39365E-02  7.18546E-03 -0.19865     -5.86605E-02  5.39845E-03  6.87891E-02  0.10072     -0.26408     
 0.12365      0.10895     -0.24311      0.19802     -4.82447E-03  5.73195E-02  7.94789E-02 -0.13029      0.10174     -5.62009E-02 
-6.22124E-02  5.99224E-03  2.24917E-02  3.67492E-02  7.01898E-02 -6.82931E-02  4.59280E-02 -0.10465      1.70058E-02 -0.13863     
 0.11461      3.86660E-02  9.46992E-03  5.01863E-02 -5.35229E-02  0.15433     -0.17130      0.13273     -0.10333     -4.48692E-02 
-0.11995     -7.22933E-02 -9.48955E-03 -6.65660E-03  2.55553E-02  8.41881E-02  0.15586      0.22398      9.37569E-03  0.10965     
-0.91107      -1.0151       1.0100       2.4592     -0.79344      0.89796      0.12578     -0.65757      1.83181E-02  1.28245E-02 
-0.17526      0.18874      1.30255E-02  7.38259E-02  0.13332      6.96312E-02 -4.31772E-02  0.14390     -7.93718E-02  6.24663E-02 
-0.16143     -0.17419     -3.03623E-02 -0.12796      0.14591     -0.20269      0.10198      5.68115E-02  0.10623      8.27351E-02 
 2.15593E-02  0.27641      0.21824     -9.74151E-02  9.06453E-02  0.15675     -2.00144E-02  0.14373     -3.47270E-02 -1.10733E-02 
-0.11335     -5.91030E-03 -0.22340      1.42388E-02 -1.85896E-02  5.64988E-02 -8.39857E-03  0.18681     -8.57164E-02  0.10435     
 6.78577E-02  5.70269E-02  9.80260E-02 -0.13523     -1.49317E-02  0.18661     -1.83878E-02  0.10743      2.83821E-02 -0.15323     
-4.93282E-02  0.16394      6.04498E-02 -2.17393E-02  0.14798      6.10263E-02  4.19335E-02 -4.83244E-02 -9.96879E-02  0.10287     
 0.13882      1.67947E-02 -5.05705E-02  0.15846     -1.85311E-02 -9.25291E-02  5.46310E-02 -6.09066E-02 -3.67682E-03  0.10962     
 -1.0637      -1.1777       1.0941     -0.10104       1.0484      0.11759      0.86135     -0.74603     -4.20073E-03  4.10027E-02 
-0.15510     -9.54082E-02 -0.16812      8.59783E-02  1.99071E-02 -4.22144E-02  0.12482      8.12376E-02  0.19684      0.24142     
 0.24026      0.10063      2.83780E-02 -1.88737E-02 -0.25274      0.17683     -5.46429E-02 -0.10821     -5.55891E-02  0.13114     
-0.10181     -5.05204E-02  0.39060     -0.10503     -4.90958E-02 -0.15796      6.60204E-03 -6.51257E-02  7.98861E-02  3.19422E-02 
-2.16219E-02 -5.71091E-02 -0.12150      0.10544     -3.98128E-02 -0.10223     -0.13473      8.57264E-02  0.13296      5.33308E-02 
 5.34600E-02 -0.14233      0.16296      1.40963E-02 -1.99662E-02 -0.12434     -3.90463E-03 -2.17776E-02 -2.81279E-02 -1.78551E-02 
 0.11094     -9.36986E-02 -6.53470E-03 -1.51655E-02  3.02423E-02  0.18042      8.40855E-02 -8.12282E-02 -6.20552E-02 -5.97749E-05 
 6.23539E-02 -8.85514E-02  8.75262E-02  8.52794E-02  8.05073E-02  7.00404E-02 -0.19104     -4.93987E-03 -7.51006E-02  0.10969     
 -1.0108     -0.89270      0.83750      0.23387      -1.4225     -0.81829      0.20495      0.81720      0.25719     -7.00227E-02 
 0.13098      0.19284     -0.10954     -5.63488E-02  5.32432E-02  0.13149     -4.98039E-02 -7.84835E-02 -0.11725      4.52769E-02 
 0.19327      9.68116E-02  5.26234E-04  5.48272E-02 -6.33253E-02  0.19932     -9.02510E-02 -2.41470E-03  0.15571     -0.14509     
 5.12368E-02 -0.11535     -1.26658E-02  3.32642E-02  0.11004      0.22483     -4.31382E-02 -1.44667E-02  0.14940     -4.29717E-02 
-5.33000E-03  7.81975E-03  0.14969      9.11045E-02 -0.13173      1.07244E-03  0.10048      0.13559     -0.16629     -0.14274     
 9.81976E-03 -0.16939      4.67955E-02 -6.65323E-02  0.11449      0.12447      0.10103      0.24791     -9.57051E-02 -0.14074     
 0.15325     -4.15366E-02  8.19439E-02 -0.20040     -0.18209      6.81117E-02 -3.23816E-02  8.20719E-03 -2.50106E-02 -0.10771     
-0.11096     -4.26013E-02  4.47585E-02 -4.22938E-02  2.30150E-02 -0.15287      5.24670E-02 -0.13683     -3.92620E-02  0.11004     
-0.91152     -0.97461       1.1282       1.8674      -1.5645      0.26642      -1.4026       2.7766     -2.98555E-02 -0.17223     
 6.01428E-02 -9.43949E-02 -1.88682E-02  0.21017     -0.13548     -0.22562     -5.68925E-02 -0.17112      3.04567E-02 -9.28661E-02 
 7.01263E-02 -9.11984E-02  9.15641E-02 -0.14786      5.21171E-02  5.24412E-02  9.54292E-02  0.14039     -0.12300      7.03025E-02 
 4.84652E-02 -2.91253E-02  8.59263E-03  4.70559E-02 -0.13039     -7.58452E-02  4.39000E-02 -1.07273E-02  0.12577      3.97912E-02 
-2.18875E-02  0.16059      1.52623E-02 -5.57797E-02 -0.11110     -0.21108     -9.46399E-02  0.10899      0.10608      3.53088E-02 
-6.11060E-03  8.65458E-02  9.38714E-03 -0.17564     -0.14578      7.15050E-02  8.98302E-02  4.60198E-02  0.10278      0.13559     
 7.82910E-02 -2.50376E-02 -4.50797E-02  2.65913E-02 -6.20628E-02 -0.24869      5.60740E-02  2.68932E-02 -2.63724E-02  8.97946E-02 
-0.18755      3.00747E-02  6.64280E-02  7.92962E-02  9.25517E-02 -0.15035     -3.44918E-02  0.15078     -5.56415E-02  0.11003     
 -1.1607     -0.93457       1.4229      -1.1335       2.0557     -0.39091     -0.57298       1.0346     -0.24963      0.22763     
-0.10911      7.06115E-02 -5.71028E-02 -0.10108     -8.60074E-02 -9.21443E-02 -8.60432E-02 -5.73741E-03 -0.10696      1.58683E-02 
 8.44615E-02 -2.34041E-02 -9.77332E-02 -2.05673E-02 -7.03283E-02  0.14498      6.30462E-02 -0.19499      0.17174      4.35390E-02 
 0.16217     -9.20170E-02  1.48574E-02  6.26299E-02 -9.20968E-02  0.17250     -1.83663E-02  3.28671E-03 -0.12229      5.36997E-02 
-9.67695E-04 -0.14265     -2.19257E-02 -0.16806      7.85551E-02  0.10497      4.77151E-03 -4.47559E-02  5.67819E-02  8.47709E-03 
-6.33260E-02  0.21006      0.23315      7.96780E-02  2.41664E-03  5.84630E-02 -8.55283E-02  0.19242      0.14458      0.12491     
-5.64414E-02 -3.16242E-02 -3.38039E-02  0.10588     -0.11796     -6.04237E-02  1.85213E-02 -0.11786      1.05747E-02  0.15228     
-7.55278E-02 -0.17403     -1.63667E-02 -9.57856E-02 -0.14686     -0.12662      0.19531     -2.15112E-03  1.01826E-02  0.11056     
 -1.1923      -1.0121       1.0638      0.53967     -0.48010      -1.1963       1.5854      -2.2334     -1.69049E-02 -6.37072E-02 
-4.62051E-02  1.09186E-02 -0.26272     -9.48367E-02  8.78457E-02  0.20533     -8.91590E-02 -6.02786E-02 -0.19139     -8.25159E-03 
-1.85268E-02  6.42131E-02  0.19641     -8.95005E-02 -3.31384E-02  8.89683E-02  9.02615E-02  0.22306     -0.10558     -0.11050     
-7.22412E-02  1.24105E-02 -5.11808E-02 -1.10929E-03 -2.66825E-02 -0.17102     -0.17594     -0.24304     -0.16710      0.14587     
-0.10190      9.60304E-02 -6.41607E-03 -0.19571      7.61541E-02 -7.44439E-02  0.10010      0.11880      0.10627     -0.11442     
-2.55384E-02  0.11623     -2.34188E-02  5.29457E-02  5.55665E-02 -0.16255     -0.20646      4.43465E-02 -5.74637E-02  0.11183     
 4.11022E-02  0.16373     -0.12997     -4.40687E-02  8.64455E-02 -5.56235E-02 -2.82578E-02  5.32224E-02  3.54127E-02 -4.84524E-02 
 2.44938E-02  3.87415E-02 -6.91282E-02 -3.55053E-02  5.78785E-02 -1.21179E-02  0.10973      6.75291E-02  0.10029      0.11004     
-0.76577      -1.0644       1.3453      -2.1175       1.6597      -1.3017     -0.34799      0.21061      0.13802     -9.46376E-02 
 0.19132      7.91709E-02 -0.10869      1.34538E-02 -0.16159      0.13060      4.47513E-02  0.15471      5.38066E-02 -0.12568     
-6.65911E-02 -1.47848E-02 -4.32019E-02  5.74049E-02  0.23674     -0.24422     -0.11731      0.18012     -4.94858E-03 -4.16535E-02 
 0.11872     -8.20177E-02  0.16365      2.13636E-02  9.97053E-02  2.21548E-02  8.65212E-02 -0.16565      7.75334E-02  0.10013     
 9.21838E-03  2.53427E-02  0.14371     -4.29448E-02 -0.20000      0.18239     -1.95727E-02 -9.69272E-02  5.25051E-02  6.34480E-02 
-4.91225E-02  1.17944E-02  2.94420E-02 -4.90927E-02  9.85068E-03 -3.69429E-02  2.83865E-02  8.33134E-03 -4.85393E-02  0.16854     
 4.73901E-02 -7.08091E-02 -9.67248E-02  0.12958      0.11234      5.58113E-02  6.06552E-02 -1.45644E-02 -3.75094E-02  0.11521     
-6.08900E-02 -4.69459E-02 -6.79341E-02  0.27840     -0.11940      8.06735E-02 -0.14893     -0.10518      0.14989      0.10915     
-0.75799       1.3408      0.86193      0.15380       2.2586       1.4738     -0.91639      0.37922     -4.43824E-02 -3.47003E-02 
 4.42942E-03 -5.02638E-02 -0.13382      7.27668E-02  0.17000      1.89727E-02  0.26907      5.04333E-02 -9.44102E-02 -9.23775E-02 
 5.96126E-02 -6.84419E-02 -0.10345      0.21178      1.82656E-02 -7.86923E-02  0.15998     -0.11791      1.96741E-02 -0.16816     
 0.18347      0.14916      7.87986E-02  1.85207E-02  1.71146E-02 -0.19161      9.71682E-02  0.19959     -0.10194      6.60011E-02 
-0.15351     -4.94583E-02  0.15108     -3.65364E-02 -8.37774E-02 -0.19625      0.13137     -6.80357E-02  0.22804     -3.92180E-02 
 8.24571E-02 -4.68962E-02 -9.65103E-02  8.83539E-02  9.26386E-02 -4.49776E-02  0.22235     -2.09594E-02 -1.14524E-02 -2.11141E-02 
 6.36005E-02  5.14464E-02 -6.61205E-02 -0.13872     -2.65676E-03 -0.10745     -2.36561E-02  0.12187     -0.10459     -0.16274     
 4.85436E-02  2.83883E-02  5.77398E-03  2.44565E-03 -3.34822E-02 -0.13704      0.11476     -8.73451E-02 -1.03898E-02  0.11017     
 -1.0017       1.0200      0.94988     -0.70799     -5.83353E-02  0.62786       1.3400     -0.10636     -0.12417      5.73213E-02 
-0.16077     -0.12145     -0.25005      1.93880E-02 -0.16046     -3.49024E-02 -0.18140      0.10119      0.21136     -8.71802E-02 
-0.20882      9.27158E-04 -5.58411E-02  0.14348      0.13959     -0.11798     -0.11934      9.42263E-02 -0.18004     -2.93167E-02 
-9.07485E-02 -0.18068     -0.10484      7.81224E-02 -8.39573E-02  8.87117E-02 -6.27778E-03  0.17929      2.92171E-02 -5.24781E-02 
-5.90836E-02 -6.22117E-02 -4.67271E-02  0.12978      8.40129E-02 -0.14805     -9.00003E-02  7.20767E-02 -7.38546E-03 -8.14201E-03 
-8.81521E-02 -0.21861     -1.39103E-02  7.74943E-02  0.20330      0.10699     -6.62263E-02  2.22833E-02 -4.88711E-02  2.06181E-02 
 5.20371E-02  0.18752     -3.67268E-02 -1.49126E-02 -0.21650     -2.29795E-02  1.25046E-02  7.10279E-02  0.11291      0.18541     
 4.11131E-02  2.93758E-02  7.85186E-02  8.21067E-03  0.14322     -4.19491E-02  8.00901E-02 -0.19726     -5.11329E-02  0.10995     
 -1.0587      0.92975       1.2946     -0.75770     -0.99867      -1.0799     -0.94116      0.22738     -8.23149E-02  0.12533     
 0.38245     -0.16469      9.32265E-02  3.08204E-02  8.24265E-02  0.10496     -0.11237      0.12957      6.84132E-02 -0.17728     
 0.20620     -0.17027      4.10506E-02 -0.14107      6.83367E-02 -1.31930E-02 -3.64013E-02 -0.11856     -4.86808E-02  0.18216     
 3.77574E-02 -1.92578E-02  3.05472E-02 -1.13252E-02 -6.67444E-02  3.79509E-02 -0.14529      6.41445E-03  0.11713     -8.53327E-02 
-0.14199      1.23408E-03 -3.85223E-02  6.05621E-02  6.15102E-02 -3.07199E-02  6.89505E-02  1.14514E-02  4.94681E-02 -4.86715E-02 
 0.18704     -3.13478E-02 -7.10542E-02  7.82361E-02 -4.45811E-02  0.12029     -3.78749E-02 -3.64938E-02  3.48357E-03  2.75116E-02 
-2.82798E-02  3.53308E-02 -0.15229     -0.23699      0.20266      0.23206      3.69715E-02  0.13007      0.14826      9.05015E-02 
 0.10205     -4.50453E-02  2.80206E-02 -0.16784     -0.11440      8.87941E-02  8.60380E-02  8.87541E-02 -3.55911E-02  0.10993     
 -1.0744       1.1703       1.1708      -1.2850      -1.0632       1.2006     -0.19966       1.8246      0.18038      2.33127E-02 
-5.68084E-02 -0.11158     -1.62913E-02 -1.82266E-02 -6.91458E-02  0.17797     -5.75817E-02  5.55237E-02  0.16136      6.26268E-02 
 0.13928      0.13348      2.01367E-02 -0.10689     -0.14432     -0.11408      3.86552E-02  6.00181E-02  0.14775      0.13419     
 0.18550      0.14901     -0.12033      5.02806E-02  0.10269      0.18539     -6.45019E-02  0.13086     -0.27449      0.24702     
 0.15469     -4.93049E-02 -0.11261     -2.11989E-03  0.12408      0.10847     -2.37616E-02  5.28009E-02 -2.89170E-02  0.15889     
-9.29549E-02 -0.11774     -3.09262E-02 -2.74859E-02  6.27433E-02 -0.13268     -1.61003E-02 -0.21597     -5.13595E-02  0.14200     
 4.38780E-02 -2.66586E-02  9.69953E-03 -5.55302E-02  8.33477E-02 -4.91531E-02 -0.10043      3.72553E-02  4.67707E-02 -0.13919     
-9.65110E-02  0.10050     -1.70903E-03  2.17109E-02  6.34575E-02 -0.12984     -5.79139E-02  0.13989     -2.84256E-02  0.10961     
-0.97057       1.0398      0.95195      0.53978      -1.4656      0.25497     -0.67984      -2.2341     -3.72810E-02  0.10921     
-0.19494      2.73280E-02  0.11505      8.39108E-02 -8.60084E-02 -4.15280E-02 -9.66258E-02 -0.28854      8.14698E-03 -4.74937E-02 
 0.22967     -0.11480     -2.78844E-02 -1.42978E-02  0.28336     -8.52738E-02  3.48447E-02 -0.11499      0.11532      4.82313E-02 
 1.24329E-02 -3.59332E-02 -0.13203     -0.14261      0.14827     -1.81201E-02  0.11436     -8.39342E-02 -5.29289E-02 -8.01485E-03 
 0.14943     -5.73259E-02 -0.10079     -3.59663E-02 -0.17052      8.76023E-02  4.62659E-02 -0.16673      0.20261     -9.86814E-02 
-1.55620E-03 -2.75650E-02 -3.36473E-02  8.97110E-02 -2.14712E-02 -0.12818     -0.18190      5.76752E-02  7.63576E-02 -6.28075E-02 
 0.11347     -4.23386E-02  5.59193E-03 -0.18664     -0.11711     -2.22345E-02  1.98350E-02  4.61241E-02 -0.10230      3.56932E-02 
-2.99040E-02  8.00068E-02 -5.61984E-02 -4.58838E-03  9.43252E-02  0.12132     -0.20998     -0.16426      2.54956E-03  0.11000     
-0.88088      0.94989       1.1390       1.9833      0.27139     -0.43460     -0.31668     -0.58474     -1.05967E-02 -3.05217E-02 
 0.12285      9.60313E-02 -6.86701E-02  1.70618E-02  1.70224E-02 -0.20652      0.15730      0.15443     -8.55584E-03  0.19347     
 0.12051      0.32012      8.84673E-02  5.47408E-02  0.10968     -1.45968E-02  3.01742E-02  0.13121     -1.07743E-02  0.20004     
-9.99366E-02  3.96359E-02 -0.22148      2.13646E-02 -9.57286E-02  2.18789E-02  0.25366      8.32324E-03  0.11111     -0.12097     
 2.47205E-02 -6.02045E-03  1.05639E-02 -2.34221E-02  4.57445E-02  3.99906E-02 -5.00431E-02 -0.20836      5.87409E-03 -7.95991E-03 
-7.06198E-02  7.91445E-03  0.15900     -0.14177      9.29566E-02  5.82012E-03 -0.12547     -6.85139E-02 -0.22139      1.69656E-02 
-6.57077E-02 -4.38140E-02  1.98013E-02 -5.24845E-02  0.19714     -0.10779      3.66885E-02 -9.54771E-02  1.88629E-02 -8.25474E-03 
 5.69542E-02  0.14762      2.82903E-02 -0.17931     -0.17782     -7.02821E-02  0.11417     -0.13039      2.55958E-02  0.11009     
-0.87171       1.1313      0.96065     -0.53571     -0.99761      -1.2899      -1.6470     -0.95031     -0.12528     -0.17582     
-7.23525E-03 -7.68993E-02  7.86397E-02 -0.17314      7.24237E-02 -0.19456      0.18555      4.63577E-02 -0.13059      5.16055E-02 
-0.10997     -3.95296E-02 -9.41608E-02  8.14000E-02 -7.25264E-02 -5.16454E-03  0.11686     -4.08106E-04 -0.11101      2.00020E-02 
-0.13774     -3.61765E-02  6.58896E-02 -0.33887      1.08465E-02  0.23809     -0.10801     -7.58065E-03 -0.11550      2.64185E-02 
 0.11751      6.62044E-02  0.12500     -0.12775      0.13481      1.24974E-02 -0.15158      0.12584     -8.45124E-02 -9.47399E-02 
-0.16131     -1.83097E-02 -9.90142E-02  6.25497E-03 -1.18056E-02 -3.62326E-02  0.17127     -3.01478E-03  0.11466     -3.55206E-03 
 0.13265      1.08859E-02 -0.14619     -4.26505E-02 -1.51169E-02  8.36793E-02 -8.54020E-02 -9.87169E-02  8.54908E-02  1.23408E-02 
-0.10986      0.15066      9.15168E-02  0.12123     -0.15660      0.11292     -3.86239E-02 -8.52382E-02 -0.14463      0.11035     
 -1.1571       1.0900      0.95005       1.4350      9.12208E-02 -0.68353      0.69301      0.54157     -2.77851E-02  0.11937     
-2.83045E-03  0.14610      6.23755E-02  1.57096E-02 -2.87928E-02  0.14612      0.15251     -0.10836     -3.30552E-02 -0.10884     
-5.20318E-02  4.33996E-02  8.03426E-02  0.11784      1.98936E-03 -4.17230E-02 -0.13414     -5.33121E-04  0.14105     -3.45299E-02 
-0.13851     -0.23948      1.60443E-02  0.17625      0.14117     -0.11656      8.58747E-02  4.27735E-02 -0.29982     -9.10248E-02 
-5.02097E-02  0.11077      5.44588E-02  9.22054E-02  0.16504     -5.52301E-02 -1.63243E-02  4.34740E-02 -8.76729E-02  2.28247E-02 
 0.11003      2.89849E-02  5.42504E-02  0.18287     -0.19276      0.17311      9.81358E-02 -8.58275E-02 -2.91253E-02  1.53677E-02 
 0.24259     -0.12999      0.10437     -4.48193E-03  9.65447E-02 -8.92133E-02 -7.32312E-02 -0.21733     -4.80671E-02  0.19044     
 6.30440E-02  9.25853E-02  5.20576E-02  3.42708E-02  1.90829E-02  0.14512     -1.03297E-02  0.21235     -1.34967E-02  0.11085     
-0.88474       1.1139       1.2297       2.9865      0.63591      0.25270      0.86548     -0.14098      7.81724E-02  0.14200     
 0.19974     -2.99116E-02 -1.67727E-02 -1.64613E-02  0.18519      9.74057E-02 -0.18380     -6.87945E-03 -2.93949E-02  8.27917E-02 
-0.20867      2.69447E-02 -0.10390      7.61320E-02 -8.13575E-02  0.12956      0.10705      2.44684E-03  1.12317E-03 -5.39290E-02 
-1.23400E-02 -0.19775      7.58893E-02 -1.63908E-02 -4.50908E-02 -1.46115E-02 -1.93985E-02  0.14034     -3.09903E-03 -0.25193     
 4.09916E-02 -0.15767     -2.70409E-02  6.31599E-02 -1.68250E-02  0.19618      4.54920E-02 -9.22784E-02 -2.74293E-02  0.18014     
-0.14476      8.52265E-02 -0.16031     -0.10124     -8.11501E-02 -0.21335      8.11251E-02  0.10555      0.12279      0.12730     
-2.67810E-02 -4.70299E-02 -3.82274E-02  4.95087E-02  4.07090E-02 -0.10069      0.16709      0.18245      0.14624     -8.63670E-02 
-6.27046E-02 -5.21611E-02 -4.25325E-02  2.36177E-02  8.91626E-02  5.46721E-02 -0.17997     -5.59692E-03 -3.69466E-02  0.10940     
-0.81555      0.91612       1.6820      -1.7763       1.3640       2.1947      0.83986      4.10545E-02  0.11487      6.48700E-02 
-0.20674      3.47244E-03  0.12754     -3.89737E-02  9.94521E-02 -0.15237     -4.69954E-02  4.25240E-02 -7.74917E-03 -0.15920     
 3.40756E-02  0.12720      0.11561     -0.16790      0.14904     -7.52992E-03  4.05251E-02 -2.32003E-02 -0.23766     -0.26882     
-2.04758E-02  7.23529E-02 -4.13765E-02  1.96612E-02 -9.56148E-03 -0.11122     -0.23750     -4.67600E-02 -9.43990E-02 -6.15349E-02 
-1.82769E-03  4.69643E-02  3.48989E-02  0.12877     -9.85204E-02  0.12884     -9.02313E-02 -2.30044E-02 -5.83472E-02 -0.17557     
-1.12836E-02 -1.49274E-03  9.62136E-02 -0.23993      1.80818E-02  5.59788E-02  0.17992      0.11827      4.91460E-02  1.26439E-02 
-0.13618     -8.37651E-02  0.16645     -1.93430E-02  0.10809      5.69323E-02  5.01521E-02 -8.41105E-02  2.88742E-02 -3.64862E-03 
-7.25713E-02  4.51172E-02  0.10722     -0.18645     -6.11584E-03  0.10288     -6.30094E-02  8.99405E-02  3.58317E-02  0.10968     
 -1.1055     -0.86616     -0.81518     -0.78906      -1.0147      -2.0470       1.5263      -1.4139     -5.81980E-02 -1.93206E-03 
 1.32160E-02  5.01055E-03  0.17366     -5.14925E-02 -1.81340E-02 -6.50164E-02 -0.22278     -4.82567E-02  6.05089E-03  7.24512E-02 
-0.16282     -2.75099E-02  6.54757E-03 -0.10549      6.29669E-02  5.45856E-02 -4.96360E-02 -3.24351E-02  6.08355E-02  8.28659E-02 
 3.59560E-02  6.85540E-02  2.36963E-02  2.85101E-02  7.05155E-02 -0.12172     -4.25478E-02  0.14168     -0.13354     -7.71789E-02 
 8.94181E-02  9.07375E-02  0.30750      0.23323     -7.55504E-02 -0.22500     -4.78929E-02  1.01881E-02  0.18276      4.56054E-02 
-0.12633     -8.23279E-02 -8.30065E-03  8.14069E-02  8.25848E-02 -2.81333E-02 -7.21974E-03 -6.89796E-02  7.24354E-02  0.11989     
-0.15168     -0.13612      0.16395     -1.80919E-02  0.14619     -1.82370E-02  3.44970E-02 -4.09718E-02 -0.10890     -0.11884     
 4.50606E-02 -9.87224E-02  2.39845E-02  7.91385E-02 -0.22441     -0.26129      1.48927E-02 -6.76534E-02 -0.12870      0.11124     
-0.99956      -1.1353      -1.5004     -0.99034     -0.65206      0.66308     -0.47303      -1.7243      8.96466E-02 -0.18188     
-5.15067E-02  8.78317E-02  0.12498      0.10248      0.16962      8.12322E-02  9.47902E-02  2.59530E-03  0.13357     -9.46999E-02 
 7.68492E-02  4.71318E-02 -9.53054E-02  0.18609     -6.46916E-02  7.76369E-03 -4.26059E-02 -8.14118E-02 -0.17153      0.10789     
 6.73187E-02 -0.16364     -0.21030     -0.15801     -4.64889E-02  6.90747E-02  5.95962E-02  0.11851     -8.73786E-02 -3.36197E-02 
-0.21311      0.11223      8.06690E-02 -6.88526E-02 -1.20889E-02  6.99129E-02  0.24587      6.65384E-02  9.60392E-02  0.12673     
 0.12282     -8.24678E-02  9.18045E-02 -0.17203      3.47166E-02  2.69726E-02 -8.45052E-02  2.91019E-02  0.10892      0.11574     
-2.41060E-02  0.14644      3.16869E-02  0.11358     -1.12409E-02 -7.84673E-02  6.01879E-02 -0.24069      0.16907      2.90964E-02 
 2.52698E-02 -0.13957     -0.14991     -6.14713E-02  3.42998E-02 -4.00469E-02 -0.13896      0.10693     -9.10248E-02  0.11116     
 -1.0498      -1.1298     -0.53432      -1.0356      0.94147       1.8717      0.82472      6.33040E-02  7.47362E-02 -0.10718     
 0.10530      0.12725      9.17838E-03 -0.11077      0.23682     -4.25068E-02  7.01425E-02 -0.23417      0.13723      0.16687     
-6.17973E-02 -0.13978      0.16616      7.32736E-02  0.12605     -0.15763     -0.12431      6.72642E-02  0.21785      2.78101E-02 
 2.46701E-02 -7.76043E-02  1.92656E-02  4.98871E-03 -9.37593E-02 -4.49163E-05 -0.17284     -0.16012      0.16522     -0.10190     
 0.11494      2.20941E-02 -3.09660E-02 -7.14589E-02  0.23419     -6.25968E-03  1.66196E-02 -1.68249E-02  0.14788      9.88914E-02 
-5.84083E-02 -5.01539E-03  5.09657E-02  1.32470E-02 -4.48056E-02 -5.94445E-02  0.17071     -0.10691      0.13914     -8.22444E-02 
-0.11307     -5.82618E-02 -0.14223      5.00774E-03 -3.69486E-02  1.68877E-02 -0.19021      5.06067E-02 -1.68061E-02  0.15622     
 8.31955E-02  0.10084      6.56532E-02 -0.17612      0.10749     -0.16902     -1.51750E-02 -6.30208E-02 -2.14510E-02  0.11092     
 -1.0196      -1.1729     -0.49279      0.65679       1.0815      0.93039     -0.25849      0.15842     -2.94653E-02  2.80524E-02 
 0.16657      9.72327E-02  0.12801      0.17183     -7.51503E-02  4.14240E-02 -0.11490      0.19394      0.10611     -0.23579     
 0.13026     -8.09260E-02  0.11507      8.20848E-02 -2.34825E-02  3.62720E-02  0.16589     -0.18393      0.18198     -1.17011E-02 
-0.23793      3.58957E-03 -7.88762E-02 -2.28346E-02 -3.52710E-02 -6.48801E-02  8.47533E-04 -7.82855E-02 -0.15120     -2.79715E-02 
 0.12453      9.06394E-02  3.76358E-02 -1.27261E-02  5.24818E-02 -0.16023     -6.21407E-02  6.87009E-02 -9.72980E-02 -0.10754     
-0.11302     -3.28985E-02  0.15754     -0.16193      2.64838E-02 -0.11915     -1.79751E-02 -8.60318E-02 -3.12810E-04 -0.14502     
-0.12364     -5.19825E-02 -2.73082E-02  0.11356     -7.43463E-02 -4.51110E-04 -0.13245      6.19102E-02  0.20004     -0.14895     
 2.71222E-02 -1.46260E-02 -0.10480      0.26166      0.11073      0.12002      0.14759     -0.16715      7.17667E-02  0.11135     
 -1.0261      -1.1652     -0.81420      5.64607E-03   1.7431     -0.85347      0.26432     -0.79265      0.15606      0.22652     
-4.28131E-02 -0.20132      0.18129     -7.36486E-02  0.12599     -8.74462E-03 -0.12850      9.82316E-02  0.12490      0.11376     
 7.12600E-02 -0.18010      0.14200      3.70281E-02 -4.61559E-02 -3.95336E-02  0.13643     -7.89707E-02 -8.30277E-02 -0.17030     
-0.12521      4.78638E-02  6.37574E-03  5.41253E-02  1.30644E-02  0.13777      0.35716     -8.18216E-02  0.12790      2.07062E-02 
-6.80581E-02  0.11239     -3.74204E-02  0.14527     -6.39640E-02  0.12863      9.31859E-03  5.92327E-02 -2.72584E-02 -9.59289E-02 
-0.10827      8.86694E-02 -0.22812      5.36931E-03  3.44287E-02  0.10066     -4.17282E-02 -8.11704E-02 -4.58584E-02  8.49282E-02 
 0.15000      7.41974E-02 -0.15013      7.78998E-02 -8.82638E-02 -6.44720E-02 -0.14500     -0.10069     -0.14921     -1.30896E-02 
-4.57497E-02  0.10901      1.87026E-02 -5.24293E-02 -2.29443E-02 -0.13067      4.24230E-02  0.14304     -2.92711E-02  0.11032     
-0.91777      -1.1107     -0.84484      0.85533     -0.30633      0.54956      0.63551       1.9388     -4.17039E-02 -5.23125E-02 
-9.58244E-02 -2.34670E-02 -0.11272      0.14387     -1.26936E-03 -8.19262E-02 -7.01857E-02  8.20628E-02 -8.79718E-02  4.23119E-03 
-0.16107      0.11333      0.14105      5.55380E-02  3.56974E-02 -1.00278E-02 -0.25358     -0.26573     -6.13253E-02  0.10054     
-2.57287E-02  6.76128E-02 -0.18729     -2.32105E-02  0.19240     -1.45046E-02  0.11358     -1.72797E-02  7.56494E-02  0.12411     
-5.81794E-02  3.55393E-02  0.12899     -0.10644      3.85899E-02  0.26130     -0.13455      6.03094E-02  7.43819E-04 -0.20797     
-1.91776E-02  0.21056     -4.06413E-02  0.16544      0.10883     -0.13290      0.13580     -5.40097E-02  4.80045E-02 -0.18983     
 3.44678E-02 -5.33089E-03 -6.03205E-02 -0.10166      8.27410E-02  5.09649E-02  9.60041E-02  0.14688      9.74125E-02  1.19342E-02 
 0.12494     -0.17178     -1.31582E-02  1.61151E-02 -1.21024E-02 -6.28740E-02 -0.14357      0.12688     -8.99373E-02  0.11108     
 -1.0046      -1.0968      -1.0934       1.1437       1.0131      -1.8930      0.42767       1.2165     -6.90786E-02  0.22581     
 4.41528E-02  0.13769     -2.95337E-02 -0.12454      9.63761E-03 -7.88035E-02  0.19043     -0.15353     -4.13706E-02  1.38369E-03 
 7.66480E-02 -5.69381E-02 -0.15885      2.17214E-02 -2.98421E-02 -9.50068E-02 -0.14496      4.48822E-03 -8.08185E-02  2.10250E-02 
 0.11013     -6.30820E-02 -7.92889E-02 -4.49256E-02  3.11328E-03 -2.85463E-02 -0.18800      0.14089      4.46309E-02  9.57640E-02 
-8.79335E-02  6.46087E-02 -0.21454      5.10951E-02 -0.26187     -6.86944E-02  9.49302E-02  0.13675     -0.19215     -0.15638     
-1.52703E-02  6.10375E-02 -1.18680E-03 -4.77660E-02  0.15606     -0.10943     -8.48658E-02 -0.35579      0.12535      2.52027E-02 
-8.28163E-02  2.36163E-02  8.71805E-02  0.11398      6.71302E-02  1.67197E-03  3.41188E-02  8.45646E-02  6.45006E-03 -1.47858E-02 
-0.10134      0.15993      0.11272     -4.60378E-02  1.59463E-02  8.62134E-02 -4.39147E-02 -0.10565      1.44065E-02  0.11050     
 -1.1009     -0.94265      -1.1186       1.4114     -0.99513      0.13497     -0.71726       1.0160     -5.59919E-02 -0.11440     
-0.11108     -0.21064      6.75419E-03 -4.27989E-02  1.15426E-02  8.69866E-02  5.48782E-02 -2.78960E-02 -0.17110     -5.78631E-02 
 0.17613      0.10497      0.10446      0.10467      0.12871     -0.19475     -0.12496     -0.12999     -3.24976E-02 -8.41995E-02 
-2.40604E-02 -4.81751E-02  0.22749      4.16247E-02 -9.60390E-02 -5.40393E-02 -0.12109     -3.40206E-02 -8.31560E-02 -3.60211E-02 
 0.14202     -4.64581E-03  7.53038E-02  8.32372E-02 -5.01383E-02  3.19319E-02 -0.19141     -0.16052     -0.13067      0.23842     
 0.11292      1.77049E-02 -0.10122      0.11015      5.77377E-02  7.39080E-02 -0.15049      9.01182E-02 -2.90843E-02 -1.68464E-02 
-3.18802E-02  6.08448E-02 -4.50784E-02  0.26336     -2.39270E-02  0.14631      6.80173E-02 -1.22622E-02  6.21975E-02 -0.15455     
-0.10104      0.14168     -0.22544     -0.17499     -4.74141E-03 -9.16125E-02  7.55051E-02 -5.78511E-02 -0.10063      0.11155     
 -1.2184      -1.0704     -0.59184      3.24993E-02  -1.1121     -0.42822     -0.72888      0.56285     -9.76451E-02 -0.10689     
-0.13604      5.77131E-02  2.23450E-02 -3.31955E-02 -9.92499E-03  0.12233      8.45661E-03  0.10121     -6.15885E-02  0.16332     
 8.28964E-02 -8.66042E-02 -7.65829E-02 -0.15598     -0.16081     -0.23630      9.76724E-02  9.97640E-02  2.40485E-02 -0.26022     
-0.19755     -3.51110E-02 -0.17269      0.16114      2.48884E-02 -6.04596E-02  1.86202E-02  2.48617E-02  4.46810E-02 -4.11443E-02 
-3.43265E-02 -0.24185     -3.52858E-02 -0.12048      0.11826     -0.10469      6.52711E-02 -0.19025      1.73655E-02 -6.73412E-02 
 0.14203      3.20381E-02 -0.15141     -0.17667      9.20648E-02  1.03071E-02  6.60733E-02 -9.17743E-02 -9.36129E-02  9.76044E-02 
-0.11515     -0.22171      1.16542E-02 -2.64728E-02 -8.32859E-02  0.10427      4.43446E-02  3.28395E-02 -4.86034E-02  0.15237     
-2.06453E-02 -0.20828      2.37077E-02  6.42334E-02 -4.14527E-02  0.11256     -6.09171E-02 -1.97024E-02 -0.25695      0.11128     
 -1.0004      -1.0876      -1.1304      -1.9744     -0.54521      0.74523       1.7746     -0.29330     -8.41496E-02 -0.11866     
 0.22104     -0.16760     -0.17428      5.35233E-02  4.18998E-02 -0.17045      5.40710E-02 -0.11784     -0.13827     -0.10247     
 4.69797E-02  4.08402E-02  5.76687E-02  4.65238E-02 -9.28854E-02  2.64636E-02  0.20361      0.12136      0.20490     -5.37423E-02 
 3.41222E-02 -3.31166E-02  0.12208     -8.25950E-02 -1.29073E-02 -5.49698E-02  5.52638E-02  0.15460      2.83628E-02  8.53007E-02 
-2.91257E-02  1.79239E-02 -0.11397      0.11240      3.31865E-02  0.25512     -0.12405     -1.66328E-02  3.28078E-03 -3.08472E-02 
-0.11062     -6.55031E-03 -8.71758E-02  1.45429E-02 -4.59064E-02  0.22291     -0.10835     -9.90709E-02 -3.75081E-02 -5.36820E-02 
-9.44347E-02  6.87489E-02  0.26609     -0.12137     -4.96428E-02 -0.18452     -2.89681E-02  5.64940E-02 -4.06083E-02  6.71347E-02 
 2.95948E-02 -7.78626E-02 -0.15278     -5.59167E-03 -6.55020E-02  0.24814     -2.14037E-02 -5.75135E-03 -7.31461E-02  0.11131     
 -1.1876      0.78052      -1.3778      0.81214     -0.78479       1.1515      -1.0798      0.23765      0.29460      1.85907E-02 
 4.45882E-02  4.61354E-02 -8.34912E-02 -0.18016     -0.28233     -0.11934     -4.65866E-02 -2.10035E-02  9.86116E-02 -0.13745     
-0.18637      1.20785E-02  1.15968E-02 -7.48823E-02 -0.17106      3.23334E-02  6.21081E-02 -0.10550      2.33959E-02  4.49918E-02 
-5.35034E-02  9.28627E-02  0.11908     -0.12907      7.46503E-02 -0.22587     -3.11935E-02  8.77156E-02  5.48250E-02 -7.24910E-02 
-0.20771      0.14617     -8.69271E-02 -0.21273      8.15739E-02  0.10843      0.16758     -0.11893      0.10730     -5.72048E-04 
-5.03439E-02 -6.11178E-02 -6.15103E-02  0.12215      0.15215      0.10969     -0.12794      0.13709     -1.60373E-02  1.11795E-02 
 3.61377E-02 -0.21091      2.46596E-02  0.15899      4.38918E-02  0.13317     -0.11832     -1.30188E-02 -1.07885E-02  2.21661E-02 
-9.35810E-02  6.00719E-02  0.12655     -4.32238E-02 -1.87556E-02 -3.55207E-04  5.57109E-02 -7.85426E-02  2.28098E-02  0.11124     
 -1.0001       1.1938     -0.90002      9.63816E-02   1.5033     -0.35545      0.53207      8.26379E-03  0.38774     -2.68471E-03 
-1.52633E-02 -4.48672E-02 -8.82358E-02 -5.71604E-02 -1.59466E-02 -1.54688E-02  0.10944     -5.05726E-02 -2.73840E-02 -8.56773E-03 
-8.90034E-02 -0.21678      1.29665E-02 -1.58870E-02 -0.19787     -2.34733E-02 -0.16038     -3.58148E-03 -0.12358      8.44179E-02 
 2.81950E-02  7.74526E-02 -0.11874     -2.23759E-02 -4.25511E-03  6.30625E-02 -0.10442      0.10112     -9.52167E-03 -0.13939     
 0.19050     -9.08798E-02  2.03786E-02 -3.04181E-03 -1.21207E-02 -0.18828     -0.29926     -0.11281      8.91925E-02 -4.36278E-02 
 0.17890      0.25153      1.89046E-02 -0.11063     -0.12937      5.10704E-02 -0.19357     -1.04863E-03 -1.93147E-02 -2.91818E-02 
 5.09829E-02  8.13488E-02  2.93127E-02 -0.19601     -0.13781     -5.93114E-03 -3.68512E-02 -6.95096E-02  5.46958E-02 -1.86875E-02 
-2.14852E-02 -0.11217     -0.14797      7.98574E-02 -0.10693      1.19706E-02  6.55437E-03 -2.34378E-03  0.19268      0.11124     
 -1.0062       1.3299     -0.98816     -0.81971       1.5283      -2.0102      -1.1703      -2.0373     -7.07423E-02 -6.79072E-02 
-3.03017E-02 -6.48526E-02 -3.92267E-02 -3.18179E-02 -4.22966E-02  4.65151E-02 -8.94466E-02 -0.10361      5.30039E-02 -9.44790E-02 
 0.13951      8.09084E-02 -3.02964E-02 -7.29576E-02  1.91017E-02  0.10799     -8.46975E-02  4.36728E-02  9.25259E-03  0.15494     
-1.98349E-02  9.49693E-02  2.02722E-02  0.18255      0.13969      7.67390E-03  1.09211E-02  0.13129      0.12095     -5.49276E-02 
-4.13054E-02  7.27781E-02 -1.51862E-03 -0.25574      8.51888E-02  3.54985E-02 -9.47237E-02  3.49932E-02 -0.14042      6.58822E-02 
-5.42931E-03  0.16971      2.98244E-02 -0.10062     -1.46107E-02  8.69591E-02  0.27983      7.35358E-02 -6.13400E-03  0.15560     
-8.86946E-02  4.76456E-02  0.12071      6.65569E-02 -0.14502      6.46925E-02  3.70534E-02  0.11543     -0.15297     -0.16299     
 0.27831      0.18448     -4.86086E-02  2.37691E-02  0.22148      2.78313E-02 -4.27044E-02 -1.94244E-02 -5.59828E-02  0.11108     
 -1.1312       1.0474      -1.3730      7.54427E-02  -1.3857      0.76298      0.18771      -2.5664      1.88288E-03  7.72095E-02 
 0.10802     -7.77522E-02  0.17720      0.15870     -8.45640E-02 -8.37185E-02 -9.93955E-02  5.82785E-02  3.22172E-02  0.17933     
-0.12045      0.18725     -3.99722E-02  0.14949     -5.79459E-02 -3.20256E-02 -5.23491E-02  7.78760E-02  5.09112E-02 -9.44416E-02 
 0.29008     -4.75920E-02  0.13289      0.18934      7.07312E-02  7.37716E-04  2.44281E-02 -6.83983E-02  5.10314E-02  4.28290E-02 
 1.90361E-02 -2.52136E-02 -7.62133E-02 -0.10609     -3.47649E-02 -9.89504E-03 -9.90692E-02  7.57336E-02  4.34866E-03 -0.13960     
 0.31502      5.24910E-02  8.22232E-02  5.95146E-02  6.14271E-03 -6.58481E-02  0.10117      3.62242E-04  2.30596E-02 -6.77237E-02 
-0.18410      6.98850E-02 -0.13620     -1.83870E-02  3.40889E-02 -5.18262E-02 -2.54725E-03 -0.10218      1.97986E-02 -1.62213E-02 
-0.31267      1.18257E-02  9.68575E-02  7.93075E-02  6.13441E-02  0.11232      0.19663      1.68288E-02 -2.64173E-02  0.11111     
 -1.1043       1.1711     -0.74537      -1.5136     -0.71660      0.18199      8.97559E-02   1.2937     -7.45106E-02  5.39813E-02 
-8.92143E-02  0.16581      0.21709      6.70339E-02  0.11452     -0.15482      0.10875      0.13685     -0.17528     -0.20143     
-0.11694     -8.67071E-02  6.50261E-02 -0.24772     -0.15377      0.11408     -0.16179      4.72682E-02  1.66915E-02  1.20387E-02 
-8.08993E-03 -9.75090E-03  3.84542E-02  0.23602     -8.31965E-02 -4.45192E-02  0.14055     -0.19015      0.11251     -6.26907E-02 
-3.20361E-02 -0.14480     -8.15243E-02 -6.20612E-02  2.20383E-02  3.55057E-02  3.78020E-02  0.21697      6.38546E-02  0.20187     
-3.23894E-02 -0.11262     -0.12085      6.10329E-02  4.12899E-02 -0.15975     -1.20760E-02 -2.33491E-03 -5.35563E-02  2.02185E-02 
 0.14451      0.10952      5.42063E-02 -3.61408E-02  1.52643E-02 -7.87973E-02  3.88674E-02 -8.48487E-02  2.34325E-02 -9.88362E-02 
-1.98560E-02  7.55165E-02 -0.13789     -4.67689E-02 -3.11299E-02  3.59164E-02 -6.48917E-02 -0.27551      6.90149E-02  0.11120     
-0.96053      0.79269     -0.63720      0.31140       2.4449      0.25775     -0.40944      0.82015     -0.12226     -0.18602     
 0.12535     -3.08151E-02  0.26772     -5.55096E-03 -0.17448      0.11486      9.04854E-02  2.69603E-03  0.12741      0.16670     
-0.17002      0.19253      1.00795E-02 -0.20867      6.85417E-02  8.76924E-02  0.13581     -5.39471E-03  3.42852E-02 -4.88485E-02 
-0.13493     -0.23139     -1.43753E-02 -8.65771E-02  8.14115E-02  5.37679E-02 -0.11613      2.16056E-02  8.78621E-02  0.26941     
 3.91217E-02 -0.10278     -0.13560      7.82240E-02  4.31628E-04 -0.14108      0.10448     -5.79802E-02  3.64078E-02 -0.16782     
 8.77329E-02  1.78387E-02 -6.92163E-02  0.10143     -7.99716E-03  8.86390E-02 -3.66475E-02  0.15491      1.82625E-02 -9.39823E-02 
 1.82295E-02  0.17483      0.10428      1.49883E-02  8.08307E-02 -1.35251E-02 -8.20051E-03  3.01727E-03 -3.10350E-03 -2.95933E-02 
 4.05268E-02  3.98016E-02 -0.16244     -1.81601E-02 -9.97341E-03 -0.17311     -0.17676      2.26275E-03  0.10187      0.11074     
 -1.1052      0.70675      -1.1602      0.21694      0.68738      0.63701      0.72749     -0.13671      8.38129E-02 -5.45974E-02 
-1.31441E-03  0.15943      1.75593E-02  0.29784     -0.19122     -0.13481     -4.09005E-02 -7.12423E-02  6.80048E-02  0.11651     
 9.71216E-02 -0.10897     -0.26393      1.44360E-02  4.05967E-02  0.16722     -0.11480      8.36578E-02  5.14137E-02 -0.30684     
-9.73132E-02  0.17311      3.13284E-02 -1.55032E-02 -9.77676E-02  0.11856     -4.39371E-02 -5.23442E-02 -4.53614E-02  0.13272     
 4.21672E-02  0.17068      9.87034E-02  2.76359E-03  0.12322      1.00323E-02  8.38837E-02 -0.10488     -0.11459      0.16621     
-4.11703E-02 -4.45809E-02 -3.38857E-02  1.96936E-02 -0.11186     -0.10885     -7.92649E-02 -3.53015E-02  2.81736E-02  2.54361E-02 
 0.12093      0.15396     -2.64141E-02  6.08101E-03  1.85924E-02  0.10608      0.21558      0.15995     -6.71304E-03  3.76639E-02 
 0.13329      1.22934E-02  0.11382     -0.10650     -0.21234      8.82012E-02  0.11559      0.11734     -2.47406E-02  0.11174     
 -1.0450      0.83613     -0.88382     -0.23432     -0.36977     -0.30955      -3.6951     -7.00070E-02  1.45356E-02  0.10324     
-0.14260      0.14757     -9.84140E-02 -7.01580E-02  0.12307     -8.48298E-02  9.29916E-03 -7.02938E-02  9.00398E-02 -2.68140E-02 
-3.97775E-02  0.12971      0.12183      0.12037     -1.61609E-02  0.14206      3.36581E-03  5.05815E-02 -5.07700E-02 -8.82462E-02 
 5.21341E-02  7.96321E-02 -7.81740E-03 -9.20479E-02  8.50464E-02 -5.75746E-02  8.09929E-03 -0.10744      7.60428E-02  0.10703     
 0.17266     -0.18550      7.92996E-02  0.12194     -9.72153E-02 -7.63914E-02  5.11023E-02  3.09141E-02 -0.15452      6.82570E-02 
-0.14346     -6.73790E-02 -0.14677      7.90550E-02 -0.17765      0.21429     -9.06308E-02 -9.33589E-02  1.54970E-02  5.35367E-02 
-0.15904     -7.70702E-03 -0.10232     -2.70595E-02  0.20605     -3.19663E-02  2.32672E-02  1.69218E-02  3.56820E-02  0.10507     
 0.11828     -0.27048     -9.36138E-03  6.09270E-02  0.23652      5.36234E-03  0.11729      5.48195E-03  8.10173E-02  0.11062     
-0.95508      0.88810     -0.78495     -0.47631     -0.72285     -0.21094       3.3432       1.1384     -0.15749      0.11274     
-3.21825E-02  1.36727E-02  0.15259     -0.21773     -3.10318E-02  1.89779E-02  7.08419E-02  0.11505     -8.13636E-02  4.28533E-02 
 5.55281E-02  1.31427E-02 -5.77789E-02  3.33049E-02  0.10483      0.11357      0.16218      9.88696E-02 -2.51887E-03 -2.86606E-02 
 0.12754      3.46611E-02 -0.22666     -0.21531     -8.44190E-02 -9.31062E-02  3.32336E-02 -4.04890E-02  4.20853E-02 -3.56831E-02 
-6.22153E-02  0.15083     -2.53809E-02 -0.12149     -4.21737E-02 -6.77374E-03 -0.12940     -8.24435E-02 -9.18006E-02  0.23747     
 0.12174     -8.18635E-02  8.00258E-02  3.55785E-02 -4.19861E-02  0.21086      4.37300E-02 -1.44679E-02 -5.44836E-02 -9.39670E-02 
 4.63231E-02 -9.29214E-02 -0.25321      1.71747E-02 -6.79060E-02  6.29105E-02  3.35498E-02  8.88316E-02 -8.55254E-02 -0.13346     
 1.14007E-02 -0.15498      6.00173E-02  0.12569      0.12396     -6.08257E-02 -0.13735      4.25641E-02  0.16640      0.11166     
 -1.1641       1.2949      -1.1449      0.70461     -0.50375      0.66510       1.0954      4.61560E-02 -6.40025E-02 -0.26036     
-2.29707E-02  2.17100E-02 -6.11130E-02 -0.19201     -4.80744E-02  0.11870     -0.14112      7.82955E-02 -9.80937E-02 -0.13628     
 9.44685E-02 -0.12170     -0.15418     -4.60398E-02 -0.23459     -9.51982E-02  8.17609E-02 -7.13818E-02 -0.17544      0.16181     
 5.53624E-02 -2.09666E-02  7.36368E-02  3.15674E-02 -3.35797E-03 -2.88273E-02  0.10997     -0.10236      6.34339E-02  3.20290E-02 
 0.20674     -0.12744      0.12406      0.17968     -0.11752      3.77588E-02  0.21036     -1.27371E-02 -5.69071E-02 -4.27198E-02 
-8.73560E-02 -1.41959E-02  0.19605      7.58949E-02 -6.15920E-02 -8.45976E-02  7.03328E-02  1.10306E-02 -7.47897E-02 -0.17303     
-0.18746      3.23831E-02 -7.04638E-02  4.28147E-02 -7.29322E-02 -0.12530      3.52337E-02 -2.27855E-02 -9.19897E-02  0.18828     
 9.95228E-02  0.20336      0.12357     -3.60151E-02 -5.39112E-02  2.32710E-02 -1.54458E-02  0.17627      0.11027      0.11118     
