        80         8        64        64        80         0
 9.88533E-02 -0.10579      4.79151E-02 -2.08493E-02 -8.40377E-03  3.25962E-02  1.77893E-02 -1.43998E-02  1.28721E-02  0.20765     
  1.0000       1.0000     
 9.20598E-02 -6.82710E-02  8.13863E-02 -6.85307E-02  3.31522E-02  7.23158E-02 -3.79929E-02 -1.00153E-03  1.26026E-02  0.21956     
  2.0000       1.0000     
 0.11440     -9.71209E-02  5.71305E-02  9.71962E-02  9.68647E-02 -2.32278E-02 -6.21100E-03 -8.84116E-02  1.26081E-02  0.22213     
  3.0000       1.0000     
 0.10663     -8.25653E-02  7.45414E-02 -1.64873E-02  2.74505E-02 -9.32795E-02  1.91176E-02  7.52745E-02  1.26210E-02  0.21844     
  4.0000       1.0000     
 0.10819     -6.13031E-02  6.98974E-02  7.28884E-02  8.51047E-04  1.50550E-02 -4.45598E-02 -8.04516E-02  1.27025E-02  0.21287     
  5.0000       1.0000     
 9.82810E-02 -6.28503E-02  4.77512E-02 -1.41408E-02 -1.46329E-02 -6.97354E-02  9.86419E-02  4.44030E-02  1.25849E-02  0.21062     
  6.0000       1.0000     
 9.32003E-02 -8.29442E-02  7.25363E-02 -3.95797E-02 -6.96288E-02  2.54391E-04  8.22837E-02 -7.39264E-02  1.26902E-02  0.21368     
  7.0000       1.0000     
 9.25180E-02 -9.31453E-02  5.04347E-02  3.32397E-03 -1.15939E-02 -1.18640E-03 -3.81881E-02 -5.06616E-02  1.26493E-02  0.21092     
  8.0000       1.0000     
 0.10812     -8.66504E-02  6.79630E-02 -5.44021E-02  2.28141E-02 -2.16860E-02 -6.31247E-03 -3.65196E-02  1.25489E-02  0.21588     
  9.0000       1.0000     
 8.53909E-02 -8.56491E-02  8.15300E-02  5.75168E-02 -5.07162E-02  1.94615E-02  2.96999E-02 -7.15755E-02  1.27477E-02  0.20762     
  10.000       1.0000     
 8.77063E-02  9.80991E-02  6.92578E-02 -0.10586      1.92815E-02  6.63009E-02 -3.94580E-02 -2.09326E-02  1.26869E-02  0.21671     
  11.000       1.0000     
 9.52945E-02  7.01392E-02  4.49435E-02 -2.24139E-02 -2.78029E-02 -4.21831E-02  8.78701E-03  3.80870E-02  1.27125E-02  0.20989     
  12.000       1.0000     
 0.10963      7.99457E-02  3.34809E-02 -1.49660E-02  4.21909E-03  1.11746E-02 -4.59243E-02  2.90389E-03  1.27403E-02  0.21316     
  13.000       1.0000     
 0.10001      7.61024E-02  7.56068E-02 -1.76803E-02 -1.23297E-02  8.53565E-02  3.85661E-02  4.79682E-02  1.26861E-02  0.20978     
  14.000       1.0000     
 9.52856E-02  0.10417      4.84819E-02  1.29352E-02  4.83423E-02  7.07185E-02  3.10390E-02 -5.93989E-02  1.24845E-02  0.21864     
  15.000       1.0000     
 8.58890E-02  9.79581E-02  5.83411E-02 -9.39726E-02 -0.10096     -1.62520E-02 -1.80063E-02 -4.92658E-02  1.27474E-02  0.21262     
  16.000       1.0000     
 0.10793      7.81871E-02  7.13696E-02  7.87441E-02 -3.31686E-02 -5.38124E-02  2.30768E-02  1.53449E-02  1.28085E-02  0.21163     
  17.000       1.0000     
 9.66597E-02  0.11147      7.44013E-02  1.10824E-02 -0.11575     -3.14980E-02  6.44505E-02  9.59979E-02  1.26910E-02  0.21627     
  18.000       1.0000     
 0.10577      0.10204      8.57878E-02  3.71668E-02  3.28027E-02 -4.03321E-02  2.25864E-02 -1.86916E-02  1.26271E-02  0.21289     
  19.000       1.0000     
 9.01910E-02  8.26675E-02  5.70288E-02  2.29497E-02  3.85114E-02  1.86892E-02 -4.95271E-02  5.86477E-02  1.27920E-02  0.20739     
  20.000       1.0000     
 7.26897E-02 -0.10245     -7.81021E-02 -3.20418E-03 -0.10650      4.94234E-02 -9.89539E-02 -1.26949E-03  1.28319E-02  0.20946     
  21.000       1.0000     
 8.85714E-02 -7.90366E-02 -5.57574E-02  2.91310E-02  8.86726E-02  5.48099E-02  9.18873E-04  4.50661E-02  1.28789E-02  0.20684     
  22.000       1.0000     
 8.30760E-02 -8.76495E-02 -5.85274E-02 -4.93619E-02 -9.70493E-03  4.40513E-02 -4.10985E-02  3.71719E-02  1.28515E-02  0.20821     
  23.000       1.0000     
 6.28072E-02 -9.16516E-02 -7.55523E-02 -4.40965E-02 -9.36632E-03 -0.10276      1.78772E-02  4.42376E-02  1.29626E-02  0.20431     
  24.000       1.0000     
 8.39176E-02 -6.82699E-02 -4.85398E-02 -3.09199E-02 -6.73001E-02  8.01941E-02  5.41369E-02 -2.38065E-02  1.29320E-02  0.20318     
  25.000       1.0000     
 9.63587E-02 -7.84566E-02 -7.78814E-02 -5.20276E-03  1.39876E-02  0.11009     -7.68217E-02  1.67939E-02  1.27892E-02  0.21219     
  26.000       1.0000     
 9.21039E-02 -8.12762E-02 -4.02422E-02  8.03926E-02  6.21396E-02  7.02766E-03 -1.75976E-02 -8.11203E-03  1.29754E-02  0.19878     
  27.000       1.0000     
 9.11804E-02 -0.10641     -4.24812E-02  4.33437E-02  5.95512E-02 -1.39817E-02 -1.29861E-02 -1.43943E-02  1.28619E-02  0.20335     
  28.000       1.0000     
 9.90138E-02 -5.68961E-02 -6.91834E-02  2.49168E-03 -4.75123E-02 -1.91010E-03  2.60124E-02  6.74656E-02  1.28266E-02  0.20518     
  29.000       1.0000     
 5.68134E-02 -8.70438E-02 -6.21888E-02 -3.54721E-02 -2.68494E-02  2.10389E-02 -9.25777E-03 -3.74616E-03  1.27914E-02  0.20235     
  30.000       1.0000     
 7.75551E-02  8.25807E-02 -0.10083     -1.86552E-02  2.03310E-02 -6.98325E-02  1.39813E-02 -1.48929E-02  1.28748E-02  0.20931     
  31.000       1.0000     
 7.80509E-02  6.50581E-02 -6.25627E-02  5.70119E-02 -6.05490E-03 -0.14014     -3.86831E-02  4.70868E-02  1.29227E-02  0.20146     
  32.000       1.0000     
 8.32836E-02  6.76643E-02 -8.03511E-02  5.82312E-02 -1.63489E-04  0.12639     -6.57277E-03 -2.96444E-02  1.26612E-02  0.21413     
  33.000       1.0000     
 8.38073E-02  4.38717E-02 -7.94244E-02  6.38881E-02 -3.72580E-02  6.41267E-04 -1.54770E-02 -1.66252E-02  1.28349E-02  0.20418     
  34.000       1.0000     
 9.25236E-02  6.73076E-02 -8.76912E-02 -2.81279E-02 -1.13028E-02 -5.09836E-02 -8.01751E-03 -4.24408E-02  1.29926E-02  0.20308     
  35.000       1.0000     
 9.28269E-02  7.92138E-02 -6.93044E-02 -2.82128E-02 -1.52919E-02 -4.00452E-02 -0.10375      3.06177E-02  1.29805E-02  0.20257     
  36.000       1.0000     
 8.86469E-02  9.78797E-02 -0.12691      4.25331E-03  4.25918E-02 -1.95263E-02  1.53786E-02 -5.02212E-02  1.27585E-02  0.22075     
  37.000       1.0000     
 9.97553E-02  8.72396E-02 -6.74655E-02 -5.03656E-02  1.96712E-02 -6.12021E-02  1.61190E-02  1.05932E-02  1.29260E-02  0.19743     
  38.000       1.0000     
 9.04833E-02  7.10988E-02 -7.18215E-02  2.01143E-02  8.03200E-02  1.92110E-04  9.01280E-02  1.63493E-02  1.28797E-02  0.20011     
  39.000       1.0000     
 7.35354E-02  7.22657E-02 -6.14341E-02 -1.18221E-02 -9.03472E-03  1.25731E-02  5.74232E-02  7.78680E-02  1.29973E-02  0.20716     
  40.000       1.0000     
-9.42098E-02 -6.23401E-02  4.60861E-02  6.26759E-03 -6.18208E-02  4.21781E-02 -2.47904E-02 -6.82354E-02  1.22955E-02  0.22731     
  41.000       1.0000     
-0.10973     -8.11260E-02  7.29673E-02 -1.94009E-02 -1.53037E-02  3.97840E-03 -3.14253E-02  6.09274E-02  1.20643E-02  0.22924     
  42.000       1.0000     
-7.55739E-02 -8.00302E-02  7.56111E-02 -9.81980E-02  2.71267E-02 -7.99717E-02 -9.98817E-02  2.01781E-02  1.20165E-02  0.23088     
  43.000       1.0000     
-8.58194E-02 -8.86428E-02  7.37479E-02  0.14525     -4.65102E-02  5.23782E-02  7.31471E-03 -3.80631E-02  1.20170E-02  0.23545     
  44.000       1.0000     
-0.10020     -0.10284      7.98910E-02 -5.96757E-03  6.14538E-02  6.85888E-03  5.00918E-02 -4.31836E-02  1.20262E-02  0.23786     
  45.000       1.0000     
-9.52100E-02 -7.79557E-02  6.11537E-02  1.38130E-02 -8.33823E-02 -4.77310E-02  1.19192E-02  4.73035E-02  1.21114E-02  0.22688     
  46.000       1.0000     
-8.58620E-02 -8.51084E-02  8.23790E-02  0.11029     -9.17100E-02  1.55401E-02 -8.15704E-02  0.16072      1.21063E-02  0.23684     
  47.000       1.0000     
-0.10933     -8.16120E-02  0.10390     -6.69484E-02  0.12050     -2.28020E-02 -3.33221E-02  5.98882E-02  1.22303E-02  0.23250     
  48.000       1.0000     
-0.11231     -8.83789E-02  7.76748E-02  3.18738E-02 -2.81425E-02 -6.97793E-02  9.21981E-02 -0.12928      1.21208E-02  0.23940     
  49.000       1.0000     
-7.21328E-02 -9.29484E-02  9.82361E-02 -0.12506      9.72870E-02 -7.59315E-02 -2.02375E-02  1.21909E-02  1.19023E-02  0.23681     
  50.000       1.0000     
-7.14007E-02  0.11708      6.29381E-02  9.08368E-03  0.13239      8.59691E-02 -5.32928E-02  2.19510E-02  1.21361E-02  0.23332     
  51.000       1.0000     
-9.43564E-02  8.90689E-02  6.93599E-02 -4.18155E-02 -3.41952E-03  3.66236E-02  7.79297E-02 -6.15651E-03  1.20925E-02  0.23077     
  52.000       1.0000     
-9.97306E-02  8.11912E-02  9.45313E-02 -4.47515E-02 -5.85407E-02 -6.29922E-02 -5.47335E-02  1.31620E-02  1.20922E-02  0.23472     
  53.000       1.0000     
-0.10121      0.10220      8.54912E-02 -7.58933E-02 -6.23212E-02  7.00317E-02 -1.16111E-02  0.10562      1.20130E-02  0.23828     
  54.000       1.0000     
-9.14243E-02  9.07990E-02  6.95111E-02  3.18806E-02 -8.59099E-02  1.48726E-02 -3.95361E-02 -0.12932      1.20997E-02  0.23302     
  55.000       1.0000     
-8.29761E-02  8.29499E-02  8.31712E-02  0.11714      1.59082E-02 -2.53505E-02 -1.84164E-02 -3.38473E-02  1.21099E-02  0.22828     
  56.000       1.0000     
-8.21126E-02  9.87901E-02  7.01466E-02 -3.16403E-02 -5.84785E-02 -7.52413E-02 -9.57803E-02 -5.50085E-02  1.21681E-02  0.22920     
  57.000       1.0000     
-0.10900      9.51858E-02  6.93722E-02  8.47539E-02  5.34721E-03 -3.98705E-02  4.03021E-02  3.13485E-02  1.22851E-02  0.22117     
  58.000       1.0000     
-8.33399E-02  9.72713E-02  8.97893E-02  0.17639      3.72762E-02  1.47400E-02  5.03322E-02 -8.16056E-03  1.19653E-02  0.23688     
  59.000       1.0000     
-7.68225E-02  8.00004E-02  0.12282     -0.10491      7.99535E-02  0.12802      4.88422E-02  2.37643E-03  1.20230E-02  0.23895     
  60.000       1.0000     
-0.10414     -7.56375E-02 -5.95244E-02 -4.66034E-02 -5.94790E-02 -0.11940      8.87630E-02 -8.18433E-02  1.23639E-02  0.21894     
  61.000       1.0000     
-9.41552E-02 -9.91441E-02 -0.10956     -5.84917E-02 -3.82227E-02  3.86775E-02 -2.75095E-02 -9.98087E-02  1.23733E-02  0.22720     
  62.000       1.0000     
-9.88919E-02 -9.86597E-02 -3.90161E-02 -6.11636E-02  5.51874E-02  0.10918      4.79619E-02  3.66434E-03  1.22987E-02  0.22902     
  63.000       1.0000     
-9.60441E-02 -0.10242     -3.59832E-02  3.87914E-02  6.33935E-02  5.42698E-02 -1.50326E-02  9.17026E-03  1.23976E-02  0.21905     
  64.000       1.0000     
-9.66532E-02 -0.10175     -5.94529E-02  3.33468E-04  0.10218     -4.97830E-02  1.53717E-02 -4.58826E-02  1.21680E-02  0.23380     
  65.000       1.0000     
-8.64507E-02 -9.69958E-02 -6.16900E-02  5.05175E-02 -1.79567E-02  3.20560E-02  3.69581E-02  0.11223      1.23483E-02  0.22098     
  66.000       1.0000     
-9.46261E-02 -9.57810E-02 -7.98376E-02  6.75473E-02  5.93866E-02 -0.11042      2.48714E-02  7.04194E-02  1.22089E-02  0.22960     
  67.000       1.0000     
-0.10370     -8.23176E-02 -8.16817E-02  8.33602E-02 -5.83330E-02  7.87313E-03 -4.17124E-02  5.88085E-02  1.24439E-02  0.21990     
  68.000       1.0000     
-0.11477     -9.34764E-02 -4.32159E-02  1.91947E-03 -6.51910E-02 -2.49779E-02 -4.23881E-02  3.25806E-02  1.23804E-02  0.22028     
  69.000       1.0000     
-9.42304E-02 -9.49783E-02 -8.25383E-02 -0.11661     -3.19592E-02  4.34696E-02  0.10320     -1.69778E-02  1.23899E-02  0.22780     
  70.000       1.0000     
-0.11187      6.81596E-02 -0.10061      4.79668E-02 -4.60029E-02  6.71647E-02 -6.27943E-02  1.37565E-02  1.23692E-02  0.23326     
  71.000       1.0000     
-9.42023E-02  0.10425     -6.57190E-02  5.69249E-03  8.81187E-02 -2.07337E-02  3.09430E-02  4.78347E-04  1.23732E-02  0.22611     
  72.000       1.0000     
-9.47794E-02  0.11613     -7.21549E-02 -4.84138E-02  8.95888E-02 -0.11726     -6.80592E-02 -0.11793      1.23367E-02  0.22317     
  73.000       1.0000     
-0.10655      9.14643E-02 -0.10026      4.45580E-03 -8.12247E-02  4.45046E-02  1.09164E-02 -0.14856      1.23400E-02  0.23020     
  74.000       1.0000     
-0.10402      0.10226     -5.44265E-02 -8.93977E-02 -4.20058E-02  1.06155E-02  5.21978E-03  7.48875E-02  1.23683E-02  0.22980     
  75.000       1.0000     
-9.04790E-02  6.92219E-02 -4.65280E-02  1.83916E-02  0.14332      1.50345E-02 -2.38111E-02  4.74744E-02  1.22616E-02  0.23060     
  76.000       1.0000     
-0.10411      6.17169E-02 -8.47194E-02  1.28130E-02  4.02928E-02  3.71568E-02  4.23071E-02 -7.91339E-03  1.24925E-02  0.22199     
  77.000       1.0000     
-9.84326E-02  7.30154E-02 -6.45362E-02 -1.38393E-02 -2.16754E-02 -1.80562E-02 -0.21489     -4.05234E-03  1.22426E-02  0.22450     
  78.000       1.0000     
-8.99656E-02  7.75539E-02 -5.73170E-02 -2.81318E-02 -4.23725E-02 -1.23043E-02  0.19443      6.58969E-02  1.24720E-02  0.22302     
  79.000       1.0000     
-0.10966      0.11308     -8.35967E-02  4.16160E-02 -2.95291E-02  3.87957E-02  6.37057E-02  2.67173E-03  1.23621E-02  0.22916     
  80.000       1.0000     
