;dat/dat   06-OCT-1999 AT 21:20:32   ANG001.dat
    1 3  0.0000     -60.000      0.0000    
    2 3  0.0000     -59.000      0.0000    
    3 3  0.0000     -58.000      0.0000    
    4 3  0.0000     -57.000      0.0000    
    5 3  0.0000     -56.000      0.0000    
    6 3  0.0000     -55.000      0.0000    
    7 3  0.0000     -54.000      0.0000    
    8 3  0.0000     -53.000      0.0000    
    9 3  0.0000     -52.000      0.0000    
   10 3  0.0000     -51.000      0.0000    
   11 3  0.0000     -50.000      0.0000    
   
   12 3  0.0000     -48.000      0.0000    
   13 3  0.0000     -46.000      0.0000    
   14 3  0.0000     -44.000      0.0000    
   15 3  0.0000     -42.000      0.0000    
   16 3  0.0000     -40.000      0.0000    
   17 3  0.0000     -38.000      0.0000    
   18 3  0.0000     -36.000      0.0000    
   19 3  0.0000     -34.000      0.0000    
   20 3  0.0000     -32.000      0.0000    
   21 3  0.0000     -30.000      0.0000    
   22 3  0.0000     -28.000      0.0000    
   23 3  0.0000     -26.000      0.0000    
   24 3  0.0000     -24.000      0.0000    
   25 3  0.0000     -22.000      0.0000    
   
   26 3  0.0000     -20.000      0.0000    
   27 3  0.0000     -16.000      0.0000    
   28 3  0.0000     -12.000      0.0000    
   29 3  0.0000     -8.0000      0.0000    
   30 3  0.0000     -4.0000      0.0000 
   
   31 3  0.0000      0.0000      0.0000    
   
   32 3  0.0000      4.0000      0.0000    
   33 3  0.0000      8.0000      0.0000    
   34 3  0.0000      12.000      0.0000    
   35 3  0.0000      16.000      0.0000 
   36 3  0.0000      20.000      0.0000    
   
   37 3  0.0000      22.000      0.0000    
   38 3  0.0000      24.000      0.0000    
   39 3  0.0000      26.000      0.0000    
   40 3  0.0000      28.000      0.0000    
   41 3  0.0000      30.000      0.0000    
   42 3  0.0000      32.000      0.0000    
   43 3  0.0000      34.000      0.0000    
   44 3  0.0000      36.000      0.0000    
   45 3  0.0000      38.000      0.0000    
   46 3  0.0000      40.000      0.0000    
   47 3  0.0000      42.000      0.0000    
   48 3  0.0000      44.000      0.0000
   49 3  0.0000      46.000      0.0000
   50 3  0.0000      48.000      0.0000 
   
   51 3  0.0000      50.000      0.0000    
   52 3  0.0000      51.000      0.0000    
   53 3  0.0000      52.000      0.0000    
   54 3  0.0000      53.000      0.0000    
   55 3  0.0000      54.000      0.0000    
   56 3  0.0000      55.000      0.0000    
   57 3  0.0000      56.000      0.0000    
   58 3  0.0000      57.000      0.0000    
   59 3  0.0000      58.000      0.0000    
   60 3  0.0000      59.000      0.0000 
   61 3  0.0000      60.000      0.000   
 
