        80         8        64        64        80         0
 0.13136      9.41719E-02 -7.79185E-02 -1.28404E-02  7.25148E-03  1.10259E-02  6.64983E-02 -1.22595E-02  1.27817E-02  0.19203     
  1.0000       1.0000     
 0.12473      8.32735E-02 -5.18605E-02  3.61639E-02  4.30272E-02 -6.86252E-02 -1.95793E-02  4.02687E-03  1.25120E-02  0.19583     
  2.0000       1.0000     
 0.11924      9.50000E-02 -7.99904E-02  2.41730E-02  9.75781E-03 -5.11674E-02  4.61536E-02 -3.74364E-02  1.27846E-02  0.19381     
  3.0000       1.0000     
 0.12206      9.94521E-02 -7.22434E-02 -3.15670E-02 -3.53731E-03 -2.80713E-02 -2.75135E-02  1.44518E-02  1.26840E-02  0.19400     
  4.0000       1.0000     
 0.11253      8.42849E-02 -7.78254E-02  4.37266E-02  4.48241E-02 -5.62549E-03 -7.79964E-02 -5.54560E-02  1.27244E-02  0.18843     
  5.0000       1.0000     
 0.12159      9.33287E-02 -9.70876E-02  8.16480E-02  1.18028E-03 -0.12320      5.94504E-03  2.88594E-02  1.27952E-02  0.19608     
  6.0000       1.0000     
 0.10455      8.57148E-02 -8.09791E-02 -3.31018E-02 -5.25609E-02  5.11156E-02  4.89112E-02  3.20465E-02  1.27951E-02  0.18753     
  7.0000       1.0000     
 0.12378      9.13706E-02 -7.27927E-02 -0.10501      8.68918E-02 -4.37084E-02  3.54243E-03  2.47885E-02  1.27393E-02  0.18965     
  8.0000       1.0000     
 0.13017      9.70743E-02 -7.07555E-02 -8.04806E-03 -4.64102E-02 -4.80680E-03 -1.10654E-02  3.18736E-02  1.25787E-02  0.20228     
  9.0000       1.0000     
 0.12297      7.97395E-02 -6.40978E-02  1.79281E-02 -3.84917E-02 -7.53697E-03  1.33855E-02 -0.14062      1.27599E-02  0.19660     
  10.000       1.0000     
 0.10087     -0.10659     -9.39825E-02  4.03216E-02 -5.13909E-02  8.76878E-02  2.66784E-02 -0.11533      1.29069E-02  0.18663     
  11.000       1.0000     
 0.10111     -0.11416     -6.70871E-02  8.35999E-02 -1.48649E-02  3.94557E-02  7.33390E-02 -3.04023E-02  1.25109E-02  0.19571     
  12.000       1.0000     
 0.11914     -9.88335E-02 -6.11191E-02 -5.30951E-02  6.20268E-03  2.45908E-02  1.50734E-02  5.94853E-03  1.26235E-02  0.19190     
  13.000       1.0000     
 9.96190E-02 -9.53266E-02 -5.88876E-02 -3.05194E-02  1.88618E-03  4.56442E-02  1.82938E-02  5.18989E-02  1.26185E-02  0.19102     
  14.000       1.0000     
 0.11522     -0.11427     -7.01222E-02 -2.95304E-02 -2.96929E-02 -4.53960E-03  7.34195E-02  8.42493E-03  1.26826E-02  0.19772     
  15.000       1.0000     
 0.10204     -0.10236     -7.28621E-02 -4.03990E-02 -0.12798     -1.30218E-02  3.44094E-02 -3.01949E-02  1.26892E-02  0.19741     
  16.000       1.0000     
 0.10853     -0.11133     -7.04792E-02 -7.79111E-02  6.76996E-02 -7.74535E-03 -8.97815E-03  1.29620E-02  1.27922E-02  0.19355     
  17.000       1.0000     
 9.70916E-02 -0.11898     -7.45199E-02 -2.18083E-02  0.10248     -4.98613E-04 -5.35942E-02 -1.38616E-02  1.26623E-02  0.19198     
  18.000       1.0000     
 9.27292E-02 -0.11695     -6.25172E-02  3.53815E-02  4.21890E-02 -7.05555E-05  2.22483E-02 -4.30168E-02  1.28002E-02  0.18278     
  19.000       1.0000     
 0.12143     -0.10615     -6.90704E-02  4.81853E-02  3.21404E-03  1.81743E-02 -4.73248E-02  1.49333E-03  1.26402E-02  0.19350     
  20.000       1.0000     
 0.10956      7.40904E-02  7.62856E-02  1.97665E-02 -1.73185E-03  5.20280E-02  1.88045E-02 -2.85968E-02  1.29220E-02  0.18111     
  21.000       1.0000     
 0.11339      9.37391E-02  7.59387E-02 -7.41621E-02  5.84693E-03 -1.96791E-02 -2.81446E-02  4.53990E-02  1.28546E-02  0.18077     
  22.000       1.0000     
 0.11660      9.68306E-02  8.29989E-02  3.88467E-02 -5.80860E-02 -8.23650E-04 -2.62067E-02 -1.86902E-03  1.29412E-02  0.18646     
  23.000       1.0000     
 0.10227      9.83757E-02  7.15804E-02  3.31161E-02 -2.18881E-02 -4.33798E-02  2.09890E-02  1.03792E-02  1.30773E-02  0.17812     
  24.000       1.0000     
 0.11141      8.97468E-02  7.54629E-02  6.74124E-02 -1.24126E-02 -8.29856E-03 -7.24510E-02 -4.71004E-02  1.30992E-02  0.18243     
  25.000       1.0000     
 0.12419      9.84311E-02  7.62096E-02 -5.84762E-02 -0.10334      2.80679E-02 -1.94032E-02 -7.35268E-03  1.29887E-02  0.18541     
  26.000       1.0000     
 0.11348      7.58110E-02  0.10147     -5.03633E-02 -5.46663E-03 -1.06592E-02 -2.48524E-02  1.41562E-02  1.28155E-02  0.18654     
  27.000       1.0000     
 0.10397      8.63531E-02  7.47906E-02  5.09926E-04 -2.79088E-03 -2.18076E-02  7.18697E-02 -2.08467E-02  1.31511E-02  0.17343     
  28.000       1.0000     
 9.76398E-02  8.58177E-02  5.89108E-02 -5.88911E-03  6.68447E-02  4.68709E-02  2.17710E-02  5.29899E-02  1.31046E-02  0.17230     
  29.000       1.0000     
 0.10638      8.72046E-02  8.16425E-02 -6.03017E-03  0.10921      1.01142E-02 -5.90202E-02 -9.08558E-03  1.29712E-02  0.18149     
  30.000       1.0000     
 0.10884     -0.10023      7.41335E-02 -3.52062E-02 -1.35958E-02 -8.51271E-03 -4.98307E-03  2.92706E-02  1.29367E-02  0.18275     
  31.000       1.0000     
 8.28232E-02 -9.49946E-02  7.78542E-02 -1.32099E-03  3.21221E-02  4.30572E-02 -7.89255E-02 -2.85344E-02  1.29808E-02  0.17654     
  32.000       1.0000     
 0.10480     -0.10558      7.52256E-02  6.00517E-02 -9.43901E-02  3.91898E-02 -6.27429E-02  9.91826E-02  1.29847E-02  0.18362     
  33.000       1.0000     
 8.84394E-02 -8.45451E-02  7.41952E-02 -9.32505E-03 -4.87727E-02  2.18431E-02 -8.67156E-04  7.71192E-02  1.31447E-02  0.17282     
  34.000       1.0000     
 8.72103E-02 -0.10356      8.48961E-02  6.48620E-02  2.32229E-02 -2.22154E-02  8.38737E-03  7.11805E-02  1.30205E-02  0.17967     
  35.000       1.0000     
 0.10163     -0.10761      6.49230E-02 -5.18488E-02  3.75661E-02  2.13041E-02  4.07806E-02 -2.00131E-02  1.30699E-02  0.17917     
  36.000       1.0000     
 9.25337E-02 -9.66383E-02  9.46238E-02  2.64000E-02 -3.75069E-02  4.22286E-02 -2.23397E-02  3.36145E-02  1.30524E-02  0.17727     
  37.000       1.0000     
 8.29068E-02 -0.10451      9.51506E-02 -2.45799E-02  1.08694E-02 -7.24678E-02  1.34885E-02 -3.86569E-03  1.29174E-02  0.18035     
  38.000       1.0000     
 7.89847E-02 -9.61264E-02  6.64359E-02 -3.27549E-02  3.86948E-03  5.55248E-02 -5.14759E-02  5.71072E-02  1.30709E-02  0.17209     
  39.000       1.0000     
 9.37015E-02 -9.85121E-02  8.86831E-02  6.92520E-02  9.17226E-02 -7.10553E-02  7.06553E-02 -5.68781E-02  1.28751E-02  0.18890     
  40.000       1.0000     
-0.10825      0.12622     -9.75394E-02 -0.13772     -1.78442E-02 -3.96442E-02 -3.43620E-02  9.73727E-02  1.20699E-02  0.20984     
  41.000       1.0000     
-0.10524      0.12641     -7.62792E-02  0.14434      5.69175E-02  5.05920E-02  1.85764E-02  7.53722E-02  1.18401E-02  0.21879     
  42.000       1.0000     
-8.59249E-02  0.10596     -6.90697E-02  3.84558E-02 -5.57051E-02  0.14047     -2.90391E-03 -1.19348E-02  1.19439E-02  0.21050     
  43.000       1.0000     
-0.10235      0.11177     -8.05129E-02  1.97049E-02 -5.49982E-02 -2.18757E-02 -5.95156E-03 -8.41841E-02  1.20347E-02  0.20987     
  44.000       1.0000     
-0.10198      0.10994     -7.86438E-02 -7.28112E-02 -0.10759     -8.55266E-02  6.44127E-03  8.13456E-03  1.20129E-02  0.21021     
  45.000       1.0000     
-8.77622E-02  0.13367     -0.10269     -1.75345E-02 -0.10513      0.11888     -1.07721E-02  2.59302E-02  1.19690E-02  0.21251     
  46.000       1.0000     
-0.10264      0.10970     -8.18990E-02  2.43403E-02  5.68922E-02  5.56557E-02  3.10838E-02  6.25675E-02  1.22179E-02  0.20033     
  47.000       1.0000     
-0.10812      0.11373     -7.40426E-02  3.01505E-02  0.12349     -1.57688E-02 -2.40977E-02 -3.71131E-02  1.19626E-02  0.21097     
  48.000       1.0000     
-9.56605E-02  0.11421     -8.01640E-02 -5.04768E-02 -9.69219E-03 -5.59263E-02 -1.22715E-03  1.18431E-02  1.19835E-02  0.21125     
  49.000       1.0000     
-0.10305      9.86329E-02 -9.27252E-02 -1.09276E-02  8.89538E-02  9.72373E-02 -0.11250      3.51009E-02  1.19718E-02  0.21323     
  50.000       1.0000     
-0.11290     -0.10403     -9.15762E-02  0.10609     -4.70153E-02 -6.64969E-02 -6.27625E-02 -5.27374E-03  1.19901E-02  0.21459     
  51.000       1.0000     
-0.12076     -0.10475     -8.36673E-02  9.79088E-02 -6.74188E-02 -5.15019E-02  5.96578E-02  6.73482E-02  1.19575E-02  0.21529     
  52.000       1.0000     
-0.10959     -8.85491E-02 -9.62415E-02 -6.83039E-02 -2.40107E-02  5.77086E-03 -2.59464E-02 -8.32542E-02  1.20566E-02  0.20349     
  53.000       1.0000     
-0.11751     -9.45189E-02 -0.10782     -3.36799E-02 -5.06027E-02 -0.10224     -2.28350E-02 -3.72335E-02  1.20323E-02  0.21477     
  54.000       1.0000     
-0.12042     -9.59869E-02 -9.76264E-02  3.61453E-02  2.94544E-02 -0.10530     -2.58736E-02 -1.35775E-02  1.20007E-02  0.21663     
  55.000       1.0000     
-0.11296     -0.10049     -8.37351E-02  1.71260E-02  2.56323E-03  4.17143E-02 -0.11014      9.29174E-02  1.20532E-02  0.21201     
  56.000       1.0000     
-0.11044     -9.63097E-02 -7.97873E-02 -5.80280E-02  3.16760E-02  5.02982E-02 -2.27920E-02 -2.48215E-02  1.22166E-02  0.20582     
  57.000       1.0000     
-0.11131     -0.10546     -8.37088E-02  1.58929E-02 -4.19126E-03  4.99183E-02  6.63646E-02 -4.59415E-02  1.18874E-02  0.22134     
  58.000       1.0000     
-0.11507     -0.11744     -8.02096E-02 -2.45776E-02  7.64623E-02 -5.12238E-02 -6.24993E-02  3.58826E-02  1.21577E-02  0.20715     
  59.000       1.0000     
-0.12938     -9.70274E-02 -7.39713E-02  1.91095E-03  7.60415E-02  6.68789E-02  0.16138      0.12227      1.19782E-02  0.21798     
  60.000       1.0000     
-0.11119      0.11796      6.96117E-02 -2.54774E-02 -5.94097E-02  5.65903E-02 -7.14912E-02 -0.13316      1.24197E-02  0.20339     
  61.000       1.0000     
-0.11216      0.12077      7.27486E-02  3.91184E-02  5.04452E-02  6.38876E-02 -3.65332E-02  2.30183E-02  1.23096E-02  0.20670     
  62.000       1.0000     
-0.11229      0.12813      8.78686E-02  7.15178E-03 -1.51820E-02 -5.39488E-02  3.55361E-02  1.61866E-02  1.23011E-02  0.20602     
  63.000       1.0000     
-0.11408      0.11148      6.41451E-02  5.91434E-03  2.65038E-02 -4.11615E-02  4.75211E-02 -5.29308E-03  1.22361E-02  0.20374     
  64.000       1.0000     
-0.10866      0.11843      6.50376E-02  2.17590E-02 -3.05902E-02  7.58352E-02  0.16795      2.11670E-02  1.21408E-02  0.21175     
  65.000       1.0000     
-0.12292      0.10727      7.03349E-02  9.68583E-03 -5.77111E-02 -3.54401E-02 -5.10982E-02  1.88665E-04  1.22602E-02  0.20372     
  66.000       1.0000     
-0.11190      0.11701      7.25744E-02  2.42649E-02  6.14704E-04 -8.02419E-02  9.66639E-02 -1.91693E-03  1.21238E-02  0.21245     
  67.000       1.0000     
-9.96144E-02  0.11383      9.14413E-02  6.35346E-02  1.33102E-02 -3.89642E-02 -5.00130E-02  6.93076E-02  1.23458E-02  0.20956     
  68.000       1.0000     
-0.10833      0.11101      7.26787E-02 -9.75842E-02  5.60558E-02  2.70948E-02  3.26189E-02 -2.04494E-02  1.23096E-02  0.19728     
  69.000       1.0000     
-0.11056      0.10777      8.05864E-02  3.75035E-02  5.55028E-02  1.15649E-02 -3.56675E-03 -9.19708E-02  1.23139E-02  0.19806     
  70.000       1.0000     
-0.13147     -9.02135E-02  7.97817E-02 -8.55925E-02  4.79775E-02  2.01607E-02  4.58112E-02 -1.36795E-02  1.23151E-02  0.20212     
  71.000       1.0000     
-0.12976     -8.16634E-02  8.06827E-02 -0.11428     -5.00371E-02 -6.31707E-02  7.48546E-02  7.04129E-02  1.23412E-02  0.20556     
  72.000       1.0000     
-0.13585     -9.95221E-02  7.66850E-02  1.85544E-02  5.83544E-02  9.68050E-02  1.17956E-02 -6.64804E-02  1.22823E-02  0.20860     
  73.000       1.0000     
-0.12902     -9.86829E-02  7.58123E-02 -5.25778E-02 -1.58687E-02  1.66818E-02 -0.11349      1.07563E-02  1.22639E-02  0.20102     
  74.000       1.0000     
-0.11791     -9.78440E-02  7.05247E-02 -6.90116E-02 -1.17384E-02 -8.80643E-02 -3.31836E-02 -3.45293E-02  1.21941E-02  0.20695     
  75.000       1.0000     
-0.12582     -0.10328      9.69881E-02  1.06374E-02  4.30398E-02  1.09584E-03  8.05463E-02 -3.19745E-02  1.23583E-02  0.20697     
  76.000       1.0000     
-0.13093     -9.93169E-02  7.65317E-02  4.88321E-02 -0.10821      4.51898E-02 -3.48222E-02  3.55045E-02  1.21621E-02  0.21156     
  77.000       1.0000     
-0.11066     -0.10826      7.51060E-02  0.13564     -2.07320E-02 -8.51864E-02 -3.99382E-02  5.40792E-02  1.24074E-02  0.20109     
  78.000       1.0000     
-0.12243     -0.10591      5.03711E-02  7.84135E-03 -1.73253E-02 -3.80107E-03  1.95921E-02 -9.16237E-02  1.23255E-02  0.19590     
  79.000       1.0000     
-0.12685     -0.10910      8.04164E-02 -3.76353E-02  1.63800E-03 -8.35229E-03 -1.15187E-02 -0.10340      1.21931E-02  0.20671     
  80.000       1.0000     
