         8  1.76668E+05  0.19706              0         80
 1.23116E-02   6.24777E+00   6.24777E+00
 1.05400E-02   5.34874E+00   1.15965E+01
 6.19980E-03   3.14622E+00   1.47427E+01
 2.97412E-03   1.50928E+00   1.62520E+01
 2.90528E-03   1.47435E+00   1.77264E+01
 2.86360E-03   1.45319E+00   1.91796E+01
 2.85438E-03   1.44852E+00   2.06281E+01
 2.81233E-03   1.42718E+00   2.20553E+01
  1.1839      0.91728     -0.98958     -0.23545      0.13453      0.20604       1.2447     -0.23118      6.68457E-03 -6.39002E-02 
-0.22101     -6.07859E-02  1.71888E-02  0.12167     -0.18701      8.55577E-02  8.26543E-02  0.27030     -2.35194E-02 -9.17615E-02 
-5.13649E-02  1.91179E-02  6.67544E-02  6.03425E-02  1.86931E-02 -2.46435E-02  4.43413E-02  0.14520      0.23919      5.14642E-02 
 7.42324E-02 -0.10221      6.90629E-02  1.91430E-02  1.91711E-02  9.60774E-02 -2.56866E-02  0.20120     -4.54014E-02  0.12672     
 5.74777E-02 -2.44578E-02 -1.36725E-02 -9.54140E-02 -8.47533E-02 -0.12834     -0.13719      0.21930     -4.99676E-02  0.12869     
 9.94551E-02  1.91844E-02 -0.24014     -0.17494     -0.12961     -1.49733E-02  3.59355E-02  7.43138E-02  1.58249E-02  0.22239     
 2.75973E-02 -2.80588E-02 -0.18791     -1.30834E-02  4.34177E-02  0.11935      3.17882E-04 -0.16262     -0.11093      5.94185E-02 
-0.13767     -8.18052E-03 -1.99182E-02  4.04032E-02  0.11053      0.27185      0.17047      9.82109E-02 -1.23093E-03  0.11308     
  1.1241      0.81112     -0.65864      0.66312      0.79827      -1.2824     -0.36647      7.59337E-02  9.75119E-02  0.10163     
 0.10497     -0.15745      0.12192     -1.13216E-02  9.52465E-02 -0.15056     -0.15733     -0.20259      4.75415E-02  2.63467E-02 
-1.06770E-02 -7.11201E-02  0.14191     -0.16536     -5.99349E-02 -0.24006      6.94995E-02  0.24253     -2.53603E-02  0.15059     
 4.13315E-02  1.90632E-02 -6.80434E-02  0.14650     -1.88578E-02 -4.24374E-02 -4.77162E-02  0.18419      4.19462E-02  0.14908     
-3.08165E-02  1.60335E-02 -0.10275     -0.17517     -0.15413     -2.17510E-03  0.10843     -0.12895      3.00200E-02  0.18118     
-1.01310E-02  1.84296E-03 -0.10007      6.83404E-02  6.90566E-02  0.18646      1.09809E-02  0.12894      0.11616     -6.96216E-02 
 0.18527      0.13208     -4.45093E-02  0.21784      1.91213E-02  4.88704E-02  0.22957      6.65773E-02 -0.16681     -4.81373E-02 
 4.61650E-02 -4.19589E-02 -0.11575     -8.21892E-02  8.96498E-02 -0.12922      1.00657E-02 -1.63311E-02 -4.00853E-02  0.11190     
  1.0747      0.92534      -1.0159      0.44325      0.18103     -0.95618      0.86387     -0.70593     -5.95964E-02 -7.73667E-03 
 5.07261E-03 -0.12024     -9.14072E-02  0.18574      9.06967E-02  0.16154      7.84786E-02 -1.16196E-03  8.51573E-02 -0.12758     
 3.63057E-02  0.16270     -9.90341E-02  6.62676E-02  0.12562      0.16155      0.15162     -0.14059     -0.22342      0.15762     
 8.82411E-02  0.11991     -6.25542E-02 -4.91604E-02  6.35355E-02 -8.88295E-02  0.28879      3.10972E-03  5.49193E-02 -0.12929     
 0.10639      0.19687      3.21219E-02 -0.10086      0.22312      4.82926E-02 -3.01298E-02 -2.20511E-03 -0.17666     -0.13118     
 7.62386E-02 -0.11553     -3.51129E-02 -6.50131E-02 -8.40437E-02  0.11143     -9.93667E-02  5.37146E-02 -0.14258     -4.84434E-03 
 0.14934     -0.16288      1.23486E-02  1.03830E-02 -4.18941E-02 -6.27806E-02  0.12075      1.48650E-02 -0.22010     -0.13461     
 8.79159E-02 -6.70158E-02 -0.10758     -5.47167E-02  2.07033E-02 -6.61004E-02 -4.66115E-03  5.43079E-02 -0.19296      0.11305     
  1.1001      0.96871     -0.91751     -0.57883     -6.56264E-02 -0.52457     -0.51498      0.27251      1.84175E-02  0.17488     
 0.19796      0.28403     -2.14379E-02 -8.95890E-02  0.11766      6.28097E-03  0.11243     -0.16722      0.10471      0.16958     
-1.71806E-02  7.25425E-02 -3.07745E-03 -3.62415E-02 -3.02028E-02  0.16294      5.22545E-02 -1.24998E-02  0.15726      0.10010     
-3.77951E-02  7.50326E-02 -5.88216E-02 -8.09108E-02  2.19592E-02 -0.15636     -9.04485E-02 -4.72671E-02  3.32228E-02 -4.90166E-02 
 2.23090E-02 -0.14232     -4.41444E-02  1.65901E-02  5.38962E-02 -0.33327      9.93342E-03 -0.15008      2.57243E-02 -5.20643E-02 
 9.51662E-03 -8.83319E-02 -3.76932E-02 -1.14611E-02 -8.97198E-02 -4.24921E-02  0.15881     -8.44748E-03  3.41554E-02 -3.24943E-02 
-5.49883E-02 -6.92956E-02 -0.31566     -0.34119      8.25747E-02 -0.11160      0.10050     -0.10686     -0.10480      3.80194E-02 
-9.39081E-02  7.60632E-02  7.73315E-02 -5.06636E-02  0.14834     -8.90894E-02  8.33372E-02  8.55721E-03  9.45501E-02  0.11263     
  1.0142      0.82097     -0.98840      0.80180      0.83161     -0.10512      -1.4599      -1.0457      3.58425E-02  0.17366     
-4.64026E-03 -4.42230E-02 -7.87806E-02  3.01409E-02 -0.12406      8.15101E-02 -0.12540      0.10124      0.13779      7.93414E-02 
-0.20582     -0.18417      7.78950E-02  4.96762E-02  9.44564E-02 -5.11844E-02 -1.10167E-02 -7.37992E-02  4.19485E-03 -0.14830     
-3.50093E-02 -0.16193     -0.15018      4.73643E-03  5.01503E-02  5.14010E-02  0.13036     -1.74833E-02  1.78907E-02 -0.13708     
 2.02482E-04  1.05026E-03  0.13613     -0.10528     -0.27457      1.11611E-03 -6.89688E-02  0.19506     -3.08931E-02  4.84331E-02 
 6.92991E-02 -1.85486E-02  0.16132      2.13720E-02 -0.17456      1.19336E-03 -6.25871E-02 -0.26664      0.11998     -0.12014     
-0.16036      8.23440E-02 -5.99798E-02 -0.17578     -4.20779E-03 -0.12268      7.26552E-02  9.57209E-02  0.11162     -8.98895E-02 
 4.45108E-02 -0.25739     -0.18570      7.82263E-02 -2.63596E-02 -0.13837      3.62044E-02 -3.97948E-02  1.18413E-03  0.11284     
  1.0958      0.90907      -1.2330       1.4972      2.18973E-02  -2.3023      0.11128      0.54419     -2.80596E-02 -2.75771E-02 
 6.59395E-02 -0.13133     -1.99061E-02 -4.19711E-02 -1.63524E-02 -3.82110E-02 -9.30360E-03 -1.76268E-02  2.73846E-02  6.22185E-02 
 0.11776     -7.65152E-02  0.18207      0.19978     -0.20729      0.13928     -0.10856      0.12142     -5.59690E-02  9.15438E-02 
 4.62330E-02  4.85685E-02 -0.26887     -7.58777E-02  5.46729E-02  5.86031E-02 -5.57946E-02 -9.37632E-02  7.44370E-02  7.37816E-02 
-3.43670E-03  6.94792E-02  0.22103      0.29314     -1.97029E-02  0.12397     -8.65756E-03  4.37855E-02  7.85968E-02 -1.40434E-02 
-0.12526     -4.86238E-02 -8.21071E-02 -2.68615E-02 -0.12498     -0.11542      0.22985     -1.78916E-02 -0.18360      8.02452E-02 
-4.74930E-03  7.52668E-02  0.19163     -3.19684E-02  8.03378E-02  0.14512      5.57630E-02 -2.81576E-02 -5.33452E-02  4.52167E-02 
-2.98202E-02 -5.56572E-02  0.16678      9.43632E-02 -0.18791      2.67271E-02  6.56250E-02 -0.17875      6.41131E-03  0.11307     
 0.94230      0.83490      -1.0285     -0.60698     -0.97514      0.95521      0.91549      0.60429     -9.23521E-02  7.17549E-02 
-5.36784E-02 -0.10992     -9.05308E-03  0.15533     -4.04998E-02 -8.07606E-02 -3.91569E-02 -0.21932      8.40628E-02  9.41824E-02 
-3.56217E-02 -0.11455     -9.91775E-02 -0.14525      1.41783E-03  0.19808      4.06767E-02  9.67531E-02  4.89313E-03 -0.22934     
 0.19074     -3.90027E-02  9.93493E-02 -2.92527E-02  1.81328E-03 -4.87225E-02 -0.21385     -2.71235E-02 -0.15806     -4.75820E-02 
 0.12231      0.12154      7.14850E-02 -9.50206E-02  6.39653E-02 -8.72192E-02  0.16441      8.15390E-02  0.16372      7.93948E-02 
-0.11060     -9.40645E-02 -0.15785      0.20988     -1.62358E-02  5.15187E-02  2.24918E-04  6.56206E-02 -0.16665      8.32362E-02 
-3.96343E-02 -0.22660      8.48637E-02  5.02744E-02 -2.12205E-02 -2.65004E-03 -0.17899     -3.15420E-02  0.24512     -0.10762     
-4.75409E-02 -0.19185     -9.58343E-02 -0.16313     -3.47851E-02 -4.12255E-02 -1.59339E-02 -7.61090E-03  9.85333E-02  0.11316     
  1.1155      0.88999     -0.92448      -1.9256       1.6121     -0.81679      6.63049E-02  0.46743      0.11345     -0.10976     
 0.14109      3.01110E-02  1.51885E-02  4.88257E-02  2.12782E-02 -3.79361E-02 -0.13804     -5.13250E-02 -0.10408     -0.11135     
 5.06049E-03  5.42549E-02  8.06959E-02  2.42550E-02  5.49517E-03 -5.07400E-02  0.26035     -0.17357     -1.65119E-02 -0.10825     
 6.12915E-02 -0.13342     -8.63353E-02 -1.27350E-02 -1.70749E-02  0.17285      4.87795E-02  6.11410E-02 -0.13161     -0.11128     
-8.34596E-02 -0.10875     -9.35929E-02  0.15739      0.10906     -4.45348E-02  2.91681E-02 -5.86068E-03  0.15594      6.15150E-02 
-7.46193E-02  9.92906E-02  0.14135     -0.14564      4.48781E-02 -9.69767E-02  1.08161E-02  1.43883E-02 -0.11646     -8.50915E-02 
 0.18176     -0.15792      0.10552      0.11068      8.40446E-02 -8.75113E-02  5.73468E-02  7.03470E-02  0.24461     -1.62966E-02 
-3.21772E-02  9.17682E-03  4.84611E-02  0.28711      0.31122      5.71877E-02  9.97809E-02  2.61161E-02  2.09181E-02  0.11281     
  1.1732      0.94555     -0.89861     -0.14757     -0.86103     -8.98256E-02 -0.20711      0.60103      6.34241E-03 -2.89095E-03 
-0.24271     -2.10488E-02  0.15101     -7.66811E-02 -5.32262E-02  0.20377      0.21071     -2.00389E-02 -0.22084     -0.19962     
-3.04660E-02 -3.61290E-02 -1.09826E-02  3.00626E-02 -0.15456     -0.24753      0.10377      4.27166E-02 -1.50829E-02 -7.28344E-03 
-0.13468      4.41162E-02  7.49389E-02 -9.05865E-02  0.10738     -0.11972      2.32903E-02 -0.11406      2.80331E-02  0.14078     
-0.32408     -5.71618E-02  2.58171E-02  0.11564     -7.22421E-02 -6.16588E-02  1.00725E-02  4.23137E-02 -1.49271E-02 -0.13484     
-0.21934     -0.18144      9.88487E-02  0.23046     -5.69382E-02 -1.75142E-03 -0.18035     -0.12166     -9.16356E-02  2.07697E-02 
-2.83834E-02 -0.13395     -4.76202E-02  7.10198E-02 -0.13374      1.70784E-02  0.11957      8.23227E-03  2.12020E-02  9.11285E-02 
-3.93897E-02 -1.89206E-02  3.05075E-02 -9.87438E-02  9.51239E-02 -0.14104     -6.77197E-02  5.04594E-02  4.30816E-02  0.11216     
  1.1083      0.77670     -0.81406      0.32874     -0.71412     -0.14084      0.25054      -2.6516      0.15309     -5.89180E-02 
-0.11723      0.12367     -0.19405      0.15059     -2.18732E-02 -0.11598      8.38870E-02  0.15257     -8.49240E-03  0.22022     
-0.18415      8.53493E-02  0.21231     -7.35606E-02  2.90491E-02 -0.12645     -3.41241E-02 -7.36612E-02 -8.46924E-02  7.65282E-02 
 0.11072     -0.23202      6.13896E-02 -1.51491E-02  6.34708E-02 -8.62732E-02 -9.80259E-02 -1.01988E-02  0.13209     -8.35318E-02 
-9.86771E-02  2.41141E-04 -0.14856      6.42087E-02  0.17473      0.16569      0.10472     -3.65248E-02  1.49152E-02 -5.54692E-02 
-0.10122      1.49573E-02  2.70586E-02  6.98650E-02  0.11187     -2.27401E-02  0.14295     -2.39689E-02  4.18825E-02 -0.19430     
-4.25046E-02  8.31272E-02  0.20012     -1.09259E-02 -2.55922E-02 -3.98499E-02 -2.83484E-03 -0.16723     -7.41493E-03  6.55621E-02 
-5.38292E-02  6.74647E-02 -9.98728E-04 -0.24858     -3.99401E-02  9.68479E-02  4.35584E-02  0.19774     -5.38878E-03  0.11289     
 0.90913      -1.0382      -1.1936      0.73936     -0.95344       1.6386      0.49935      -2.1748     -2.85696E-02 -3.27817E-02 
 4.35547E-02  0.12038     -9.38020E-03 -1.24530E-02 -3.46264E-02  2.40576E-02 -6.67399E-02 -0.14341      9.61009E-02  0.22467     
 4.29563E-02  0.11283     -0.13928      5.78268E-04  5.56488E-02 -4.61178E-02 -1.33775E-03  7.50648E-02  4.31362E-03 -5.12880E-03 
 0.13354      2.24530E-02  2.74353E-02 -3.22706E-02  4.75196E-02  0.11881      4.79890E-02  0.11851      5.89037E-03  0.22214     
 2.17030E-02 -0.13043      3.22570E-02 -1.59278E-02  6.61335E-03 -1.00768E-02 -0.10108     -0.10161      6.86085E-02 -0.12518     
 6.55584E-02  9.18560E-02  9.98082E-02  6.60981E-02 -2.75350E-02 -9.90415E-02 -0.42273     -7.82187E-02 -0.13964      0.12581     
 5.66047E-02  7.32960E-02  0.19882     -4.77351E-02  4.40952E-02  0.12873      0.14332      6.64056E-02 -8.55249E-02 -0.10195     
-8.40421E-02  0.15087     -3.86519E-02  0.14129     -8.77756E-02 -2.54494E-02  0.13354     -1.60932E-02  0.25955      0.11359     
 0.91125      -1.1120     -0.85202       1.5329     -0.27578      0.73732       1.3727     -0.57329     -0.23696      1.51874E-02 
 0.16189      5.00406E-02  0.14151     -3.51876E-02  0.19535      7.95179E-02  2.20244E-02  0.15553     -2.55502E-02 -1.27519E-02 
-2.00882E-02  4.79870E-03 -0.12077      0.12386      0.13440     -8.18584E-02 -0.14777      0.11419     -2.67130E-02  1.59046E-02 
-6.64147E-02 -2.12848E-02 -2.63379E-02  5.47541E-02 -1.82053E-02 -5.20258E-02 -0.17276      4.38103E-02  0.11667     -0.22829     
-0.16866     -3.47101E-02  2.97638E-02 -4.61422E-02 -5.33352E-02  0.12728     -3.40478E-02 -0.19298      8.03860E-02  4.06250E-02 
-4.23275E-02 -0.25502      0.12309     -7.82355E-02 -8.88445E-02 -5.24901E-02 -8.49539E-02  0.15730      0.17913     -1.62345E-02 
 3.49138E-03 -8.14196E-02 -6.23290E-02  9.65339E-02  0.15545      8.29758E-02 -1.97503E-02 -8.75045E-02  0.22503     -0.24007     
-2.45764E-03 -8.52526E-02  0.12335     -3.18424E-02  6.89408E-02  0.18182      4.69147E-02 -5.74265E-02 -0.12654      0.11190     
  1.0737     -0.96268     -0.77623     -0.97359      0.11508      0.45953      0.28213      0.11217      0.12304     -1.80775E-02 
 1.57443E-02 -0.17158     -1.42445E-02 -0.16998      7.62030E-02 -8.35672E-02  4.31733E-02  0.11978     -0.11951      0.10973     
 9.98537E-02  3.17252E-02  8.75302E-02 -9.11490E-02 -0.22486     -9.41789E-02 -0.17520      0.12859     -0.11038      0.14062     
 3.86657E-02 -5.19826E-02  6.60987E-02 -0.15730     -0.16607      6.09008E-02  1.76868E-02  1.98915E-02 -0.15919     -0.17880     
 0.11411     -0.15536      0.12188     -0.18983      0.17206     -0.13967     -8.90175E-02  8.64097E-02  8.04845E-02 -0.18514     
-1.31087E-02  0.11842     -9.89500E-02 -1.14504E-02 -0.13322     -0.16318     -0.11723     -3.90831E-02  0.22489      1.86063E-03 
-1.66889E-02 -0.14901      5.92976E-02  1.38569E-02 -4.38139E-02 -0.14482      3.78644E-02  2.56132E-02  4.09478E-02  0.11027     
 9.06256E-02  8.52972E-02 -8.74875E-02 -4.74179E-02 -5.27265E-02 -3.74568E-02 -9.20479E-02 -0.20738     -0.21464      0.11239     
 0.89781     -0.92853     -0.74789     -0.55962      3.49936E-02  0.85296      0.34241      0.97865      0.19244      5.06490E-02 
-4.56819E-02 -4.93064E-02  9.41648E-02 -0.13913      0.18538     -8.70311E-02  9.53997E-03  6.56737E-02  5.74304E-02 -0.11597     
 8.86272E-02 -3.99742E-02 -8.44714E-02 -0.14833      0.23140     -3.81191E-02  0.19318     -0.20619     -0.16978     -0.14904     
 4.81774E-02 -0.18849     -0.22188     -2.44296E-02 -2.79511E-02 -8.01246E-02 -0.20628     -8.77084E-03  1.76638E-02  3.66728E-02 
 5.63181E-02  5.87572E-02  5.62643E-02 -0.12885     -7.95829E-02  9.54437E-02  0.14225     -6.00750E-02 -7.99798E-02 -4.00016E-02 
 1.49842E-02 -9.79443E-02 -3.03239E-02 -9.99466E-02 -6.25879E-02 -0.28944      4.84268E-03 -1.32188E-02 -8.04187E-02  0.14223     
-2.11156E-02  0.15235     -0.11742     -4.61886E-02 -0.12962      7.21944E-02  3.07271E-02  0.21804     -9.42709E-02  0.20616     
-2.06131E-02  4.79529E-02  0.10327     -7.88122E-02 -0.12356      0.13715     -6.21935E-02  6.77357E-02  3.02960E-02  0.11235     
  1.0384      -1.1131     -0.89057     -0.54149     -0.55088     -8.48323E-02   1.3742      0.15887     -1.99513E-02 -7.03264E-02 
 2.10437E-02  0.24510      0.28526      0.14265      0.10923     -6.09239E-02 -0.14667     -5.26188E-02  3.25252E-02  4.90119E-02 
 1.61856E-02  5.67982E-02 -9.07305E-02  1.80438E-02 -0.10677      0.11413     -1.02081E-02  0.10274     -0.21910     -3.29907E-02 
-0.18841     -8.34654E-04 -8.40637E-02  3.20615E-03 -7.78174E-02  0.12877      2.27132E-02 -0.14230      8.48827E-02 -9.96910E-02 
 6.87304E-03  6.17882E-03 -0.12035      0.15451      9.24218E-02  0.11955     -6.59382E-02  0.37348      4.49994E-02 -5.82448E-02 
 0.12301      7.11260E-02 -0.12134      1.93995E-03 -9.79265E-03  0.19138     -1.57085E-02 -3.47044E-02  0.11677      6.65764E-02 
-0.14823      0.18734     -0.10839      6.08112E-02  2.33206E-02  0.14154     -1.44332E-02  5.49330E-02  2.60254E-02  0.13306     
 1.11683E-04  5.78717E-04 -6.87120E-02 -4.87051E-02  0.15331     -0.14428     -7.40983E-02  0.17617      3.57914E-02  0.11263     
 0.91967     -0.99705     -0.92536     -0.74078      -2.3743     -0.24334      0.64405     -0.56938     -7.73676E-02  2.82775E-02 
 3.98174E-03 -8.70908E-02  0.12841     -0.24887     -4.27324E-02 -2.31960E-02  0.12330      2.61969E-02  6.55744E-02  0.16179     
-6.29193E-02  8.25691E-02  0.17906      8.82533E-02 -0.10166      2.12580E-02  0.17732     -0.16928      4.60161E-02 -0.11507     
-0.10593     -5.69146E-02  8.12378E-02  0.15757     -5.67497E-02  0.29665     -2.64260E-02 -0.13521      1.74746E-02  1.52842E-02 
-8.69038E-02  0.23214     -4.15949E-02 -4.22962E-02  0.11246     -0.16892     -2.24038E-02 -0.15416     -0.14372      0.16487     
 2.67608E-03  4.00321E-02  0.18057     -9.62114E-02  8.00583E-02  0.29894      3.16732E-02  1.48024E-02 -3.73705E-02  7.10490E-02 
-4.62441E-02 -2.83156E-02 -6.92164E-02  5.04461E-02  1.01451E-04 -4.68702E-02  6.50683E-03  3.71497E-02 -4.46324E-03  5.26103E-02 
-2.75116E-02  8.00064E-03 -6.74991E-02  2.50725E-02 -0.22560      5.68775E-02 -8.31638E-04 -0.15089     -6.84962E-02  0.11259     
 0.97809      -1.0844     -0.89510      -1.4286       1.2560     -0.14474     -0.16805      0.24442     -1.07104E-02 -3.52946E-02 
-0.13289     -0.16748     -7.64892E-02 -0.17181     -2.89377E-02 -1.52366E-02 -6.53022E-02 -1.99418E-03  0.10240     -0.16203     
 0.12254     -4.22055E-02 -2.00785E-02 -5.67530E-02 -8.86600E-03  7.91775E-02 -0.25260      8.07422E-02  0.14839     -7.74206E-02 
-8.01230E-02 -7.97581E-03  1.76628E-02 -4.04877E-02  8.57650E-02 -5.71889E-02  9.40078E-02  0.12067      0.36247     -0.13612     
 3.85699E-02 -0.13110     -0.32510      2.39942E-03  1.11894E-02  6.94639E-02  9.51739E-02  8.07274E-02  0.13864     -0.11362     
 1.60326E-02 -2.63615E-03  3.33752E-02 -7.03394E-02  0.17306      0.16929     -4.77791E-02 -7.19596E-02 -0.24779     -0.13564     
-4.75863E-02 -8.92807E-02 -0.11957     -2.97271E-02  5.54837E-02 -5.09612E-02 -8.55204E-03  0.10027     -5.79838E-02 -2.56493E-02 
 1.88073E-02 -9.30476E-03  1.95056E-02 -7.74037E-02 -0.11360      0.15087      2.52391E-02 -0.15108      0.13991      0.11319     
 0.87503      -1.1589     -0.94642     -0.39989       1.9012     -9.31768E-03  -1.0031     -0.26138     -0.14711      0.23249     
 0.13152      4.10569E-02 -4.71319E-02  9.32251E-02  7.09865E-02 -1.44578E-02 -0.12308      0.13790     -7.22152E-02 -8.74321E-02 
-0.15299     -0.13686      4.76691E-02  6.34197E-02 -5.71941E-02  3.76396E-02  0.15214     -1.59346E-02  7.19680E-02  0.13242     
-0.13825      5.20494E-02  0.13795      0.11198      0.17457      3.55228E-02 -9.82773E-02 -0.16335      2.99062E-02  0.17400     
 0.21648     -6.04823E-02  6.36809E-03  3.02292E-02  8.13527E-02  5.96020E-02  1.50131E-03  4.16936E-03 -0.12110      2.59155E-02 
 2.54928E-02  0.10662     -4.39724E-02 -3.00567E-02  9.19027E-02 -7.89655E-02 -0.15723      6.92517E-02 -4.87731E-02 -7.41595E-02 
 9.60423E-02 -1.62902E-02  6.67548E-02 -0.13445     -0.20154      0.14662      3.57773E-02 -0.17842      0.11161      2.57356E-02 
-1.92492E-02 -1.12229E-02 -6.26676E-03 -6.84562E-02  2.01199E-02  0.10989     -0.39151     -0.14259      5.03804E-02  0.11253     
 0.83572      -1.1392     -0.79398      0.64878      0.78272     -1.31848E-03  0.41643     -0.81116      3.67075E-02 -3.01788E-03 
-8.19146E-02  6.07888E-02 -0.14189      2.27965E-02  1.69151E-02  0.12727     -3.55341E-02 -6.10639E-02 -1.44487E-02  9.64643E-03 
 5.89539E-02  0.14324     -0.12874      0.11026     -0.12111     -2.07303E-02 -4.84465E-02 -8.34037E-02  6.55684E-02  7.20645E-02 
-0.14987      0.19122      0.10667      1.25624E-02 -2.34379E-02 -0.12635     -9.75652E-02  0.13000     -6.40507E-02 -2.37541E-02 
 1.74144E-02 -6.78321E-02  0.21812     -5.15424E-02 -0.21207     -1.47526E-02  0.26065     -0.10865     -0.10551     -7.38577E-02 
-4.32521E-02  0.15139      4.15423E-02 -0.21855     -0.12987      0.20669      0.15337      0.12080     -8.11379E-02  7.11261E-02 
-0.17272      0.14210      0.22696      0.10236     -7.32810E-02 -0.20298     -0.11196      0.16083      7.05777E-02  0.15368     
-7.06352E-02 -6.48152E-02 -0.10548     -2.80555E-02  0.18945      5.64136E-02 -1.31741E-02  2.11001E-02  6.38068E-02  0.11311     
  1.0944      -1.0340     -0.87721      0.88356      5.96290E-02  0.33963     -0.88579      2.81594E-02 -3.85235E-02 -1.44948E-02 
-7.85779E-02 -4.02261E-02 -4.60854E-02  0.13918     -7.61840E-03  0.11675     -1.83687E-02 -7.16567E-02  3.80523E-02 -0.30663     
-8.59077E-02  6.14929E-02  0.10236      8.25477E-02 -1.22215E-03  0.31387      3.61624E-02 -8.20034E-02 -6.29709E-02 -0.20925     
 5.90564E-02  6.38682E-02  9.94349E-03  5.30874E-03 -0.12258     -6.04231E-02 -4.28000E-02  0.16042     -8.67205E-02  7.49640E-02 
-0.11637     -8.71242E-02 -0.21706      4.13340E-02  1.58737E-03 -8.13664E-02 -0.17784     -4.96792E-02  0.14759      0.12245     
-0.20278      6.51084E-03  2.78442E-02 -3.14158E-03 -9.96176E-02 -4.95467E-02 -2.87853E-03  0.12418      0.28249     -9.43636E-02 
-1.59223E-02  0.19229      7.08488E-02 -2.81871E-02 -0.16329     -1.61129E-02 -0.16975     -3.42214E-02 -0.12735     -4.85216E-03 
 0.11989      0.20822     -4.14728E-03 -2.87579E-02 -0.11742     -0.13176      3.39598E-02 -0.13873     -1.40353E-03  0.11247     
 0.98741      0.72168      0.96884      0.36245     -3.21304E-02  0.97226      0.35197     -0.53924      5.37585E-02  7.39293E-02 
 1.90197E-02  0.12705      7.87490E-02  3.01508E-02 -0.13995     -7.21358E-02 -7.79495E-02 -3.16233E-02  2.00527E-03 -4.69173E-02 
 0.11777     -0.16273      0.17075      0.18331     -7.52482E-02 -7.92151E-02 -0.18266     -0.11021     -4.24229E-02 -9.36601E-02 
 0.13130      0.17775      9.47111E-02  0.10734     -7.83934E-03 -2.61177E-02  1.49738E-02  9.43761E-02 -7.61652E-02 -6.25473E-02 
 0.18372     -0.11379     -2.90905E-02  8.17912E-02  0.18571      3.93874E-02 -0.16905     -0.18815     -3.17952E-02 -6.06320E-02 
 7.11515E-03  1.81519E-02  0.26041      0.15175      9.03602E-02 -0.19054      0.13250     -1.27305E-02 -0.11352      0.17891     
-7.70607E-02  5.05388E-02 -0.24237      0.15063     -7.79407E-02  8.83518E-02 -6.09172E-02  8.21997E-02 -0.14709      1.30977E-02 
 4.62694E-02 -0.23970     -0.15247     -7.65336E-02  0.12909      6.90958E-02 -2.32003E-02  1.48177E-02 -7.77373E-02  0.11361     
  1.0219      0.91306      0.96444      -1.3599      0.10848     -0.36775     -0.52679      0.85608     -0.13406      4.01019E-02 
 0.14416      7.11588E-03 -0.12472      0.23092      7.81867E-02 -0.13996      5.01860E-02  1.86844E-02 -5.31847E-02  1.59563E-03 
 4.08039E-03  1.46987E-02 -2.74460E-02  0.13138      0.17615      5.36825E-02 -1.12268E-02  1.59656E-02 -5.78916E-02  5.01080E-02 
 4.12406E-03  7.17057E-02  1.87395E-02 -2.86834E-02 -0.12208     -3.90772E-02 -9.46167E-02 -8.43163E-02  0.10708      0.16358     
-8.78337E-02 -0.15562      2.34195E-02  1.95769E-02 -0.12663     -0.22358      6.77292E-02  4.39163E-02 -5.36667E-02  5.87101E-02 
 1.19172E-02  3.40630E-02 -2.68808E-02  0.12317      0.15054      5.89038E-02 -0.16302     -0.35992     -6.43538E-02  5.81263E-02 
-5.99484E-02  0.11739      6.27711E-02  0.10928      0.14435     -3.76472E-02 -0.13846      0.13048     -2.03446E-02  1.95341E-02 
-2.37286E-02  0.10421      6.75224E-04 -4.83932E-02 -4.25360E-02  0.19055      9.45416E-02 -2.96080E-02 -0.40419      0.11336     
  1.0509      0.94318       1.0541      0.71232      -1.0776     -1.53917E-02 -0.49052     -3.52437E-02 -0.10214     -2.08601E-02 
-8.72979E-02 -3.90368E-02  2.60023E-02 -4.07932E-02 -1.08903E-02  1.13265E-02  8.24053E-02 -0.11511     -5.52429E-02 -0.11271     
-0.14098     -0.23116     -5.15523E-02 -0.11102     -0.21673      2.00710E-02 -5.80940E-02 -0.10898     -0.16490      1.59839E-02 
-6.53408E-02  2.60827E-04  0.11762     -3.98673E-02  7.23131E-02 -4.26866E-03  0.13992      9.61080E-02 -0.10632     -0.26842     
 6.68624E-02  7.95260E-03 -5.96644E-02  8.96503E-02 -3.55759E-02 -6.21962E-02  0.20083     -3.64660E-03 -0.18390      0.13430     
-2.25487E-02  0.16385     -0.11378     -0.16516      0.20028     -0.18417     -0.13395      3.45461E-02  4.65693E-02  0.18025     
-5.25720E-02  0.20414      8.50020E-03 -7.39924E-02  0.21884     -4.99693E-02  0.13270     -2.81030E-03  2.97297E-02 -0.23431     
-0.13713      7.39229E-02  0.17973     -3.89467E-02 -6.00896E-02 -3.64726E-02 -1.10308E-02  4.85420E-02  1.16194E-02  0.11369     
 0.92170      0.95823      0.90909      0.60724     -0.40608     -0.81065      0.39286      0.19572     -0.13913     -5.48311E-03 
 6.88521E-02  7.70666E-02 -1.89552E-02  1.73864E-02  7.26170E-02  8.18551E-03  2.94266E-02 -3.38930E-02 -0.11973      9.24108E-03 
 0.10745      9.18833E-02 -8.52036E-02 -0.25926      0.18175     -4.27715E-03 -8.11438E-03  8.87019E-04  0.14943      7.81537E-03 
-0.13873     -3.33292E-02 -3.12836E-02  0.10777     -4.45210E-02  4.80106E-02  0.27359      0.23959     -4.79521E-03  5.25446E-02 
 6.21358E-02  8.02365E-02  0.10596      0.15536      0.14149     -8.19205E-03  4.04239E-02  7.60883E-02 -3.69657E-02  0.19719     
 2.29865E-02  0.14001      0.11288      0.18516     -0.20947     -2.98403E-02  0.11883     -0.16704      0.16688     -2.06999E-04 
-8.92543E-02 -9.33742E-02  3.53481E-02  0.11605     -0.11802     -2.73040E-02  7.78051E-02  5.55308E-02  2.94242E-02  2.22139E-02 
 0.15835      2.33079E-02  0.17351     -0.19233     -4.12225E-02  0.21584     -7.60982E-02 -0.11420      0.22027      0.11438     
  1.0041      0.87418      0.95840       1.2361     -0.23029     -0.15508      -1.3561     -0.88816      2.52076E-02  8.71435E-02 
 4.77372E-02  0.14524      0.10584     -0.10305      8.26155E-02  0.11086      0.17137     -0.10357     -5.94387E-02  5.19356E-03 
 5.14325E-02  1.24393E-02 -0.12906     -5.76584E-02  4.07345E-02 -3.88775E-02 -3.92391E-02  4.86582E-02  0.13584     -0.10764     
 9.15269E-02 -7.53127E-02  1.67868E-02 -6.26618E-02 -0.11570      1.03345E-02 -2.60763E-02 -0.28600     -0.14146     -5.75137E-02 
-3.32233E-02 -0.10269     -0.20524      9.57049E-02 -0.15126      0.15590     -0.12002     -2.24990E-02  2.47210E-02 -8.37583E-02 
 4.87290E-02  0.18151     -0.22998     -0.15349      8.48994E-02  0.12607      7.42360E-02 -5.37442E-02  5.42866E-02  7.76865E-02 
 0.22665     -0.10523      0.13427     -4.15890E-02 -0.29285     -3.28272E-02 -2.36820E-02  8.66881E-02 -8.85809E-02 -9.33918E-02 
 6.05490E-02 -0.24247     -1.93592E-04  2.29551E-02 -9.20026E-02  0.14672      7.53071E-02  5.12622E-03 -7.27009E-02  0.11448     
  1.1193      0.95876      0.96788      -1.0723      -1.9172      0.52451     -0.36318     -0.13865     -5.80207E-02  1.55652E-02 
 4.83525E-02  9.11486E-02  0.11304     -0.12393     -4.32287E-02 -1.09136E-02  0.10074      9.08059E-02 -2.56349E-02 -7.92820E-02 
 1.63445E-02  6.66863E-02 -6.21377E-02  8.40839E-03 -3.70224E-02  6.85963E-02 -9.40588E-02  0.15802     -0.13272     -0.10633     
 6.86414E-02  6.89931E-02  7.13960E-02 -9.93649E-02  3.43044E-02 -0.15436      3.35440E-02  3.51647E-02  7.54269E-02  0.18402     
 0.12858      3.61817E-02  0.23475     -0.16710      2.31731E-02 -6.88490E-02 -5.12341E-02  9.87709E-02 -1.88831E-02  0.15552     
-7.33792E-03 -4.93107E-02  0.10274     -0.25864      0.26385     -4.75324E-02  5.68028E-02  5.09288E-02 -2.39075E-02 -0.35282     
 3.79712E-02  5.90727E-02  0.11159     -5.62413E-02  2.75000E-03  0.10407      6.82761E-02 -3.72445E-03  9.72374E-02  0.15620     
 0.30830     -9.55972E-02  1.21324E-02  8.05280E-02  5.44853E-02 -2.57698E-02  0.11394      0.10515      7.55066E-02  0.11404     
  1.0227      0.73843       1.2887     -0.92350     -0.10142     -0.19919     -0.46517      0.26694     -0.14449     -0.18107     
-1.96927E-02 -0.21932      2.19597E-02  3.33110E-02  7.46150E-02  3.26491E-02  5.52674E-02  8.26323E-02  3.73801E-02  9.70237E-02 
 1.83306E-02  6.45991E-02  9.22789E-02  5.65753E-02 -0.14336      9.50567E-02  7.37339E-02 -0.11129      0.24264      0.12463     
-0.14750     -6.40879E-02  3.79814E-02 -0.10933      1.85282E-02  2.13354E-02 -4.26561E-02 -0.14406     -0.16744     -7.81593E-02 
 0.17652     -4.55992E-02  8.09839E-02  1.41956E-03 -7.06213E-02  0.19492      0.23766     -0.12598      0.11777     -5.33202E-02 
 5.43834E-02 -0.16456      5.72032E-02  5.91999E-02  8.00993E-03 -2.63819E-02 -3.93215E-02 -0.11976      0.17655     -7.83310E-02 
 6.55037E-02  5.02409E-02 -0.10668      4.85700E-02 -3.05987E-02  0.22920     -0.15439      0.10960     -0.12422     -0.13911     
 0.13023      0.17479     -0.20083      6.79948E-02  4.31979E-02 -5.71751E-03  7.57814E-02  0.14956      0.18609      0.11316     
 0.93705      0.84112      0.94986      9.35035E-03 -5.17782E-02 -0.40752       1.3452     -0.39310      4.50290E-03  7.13193E-02 
-0.11230      0.10687     -0.15654      0.10722     -2.57228E-02  2.66502E-02  0.12059     -1.16008E-02 -4.38545E-02  2.70545E-02 
-2.06161E-02 -8.69060E-03 -0.24610     -2.81085E-02 -4.10295E-02 -6.72109E-02  4.56461E-02  3.69324E-02  8.59177E-03  1.63023E-03 
 2.19732E-02 -6.00327E-02 -0.22186     -7.06279E-02 -1.75275E-02  0.15522      8.45376E-02 -3.53472E-02 -0.10400      8.40329E-02 
 0.11013     -1.73029E-02 -0.14152     -0.11182     -0.18651      0.12653     -0.17294     -0.16624      8.03297E-02 -3.93085E-02 
 1.83568E-02 -0.17794     -3.98498E-02 -5.67102E-02  0.15574     -1.67494E-02  0.15560     -2.13196E-02 -0.12185      2.85675E-02 
-0.16646      5.54799E-02 -9.67436E-02  0.21233      0.13197     -0.16342      1.75819E-02 -0.20418      0.11173      4.68257E-02 
 0.13604      0.21523     -8.50022E-02  0.10385     -4.91432E-02 -8.49749E-02 -0.29236     -0.18318      3.45282E-02  0.11465     
 0.87997      0.83590      0.74818     -0.10799       1.2401      0.87589      0.40750      0.99922      7.97775E-02 -3.32267E-04 
 8.96105E-02 -0.22363      1.10438E-02 -0.13649     -0.14536     -3.59490E-02  1.25780E-02 -8.88202E-02  0.18668     -2.99896E-02 
 2.74697E-02  0.14569     -2.27971E-03 -1.09906E-02  0.11961      1.64979E-02 -0.10183      0.15370     -0.16374      7.43780E-02 
 8.53178E-02 -0.11527     -2.28091E-02  6.14944E-02 -0.14421     -0.11457      4.58859E-02 -2.84823E-02 -3.47978E-02  6.58326E-03 
-5.44815E-02 -3.21702E-02  0.12270      0.17848      1.01576E-02 -7.57924E-02 -2.00036E-02 -8.78573E-02 -5.36685E-02 -2.61925E-02 
-6.27026E-02  7.90275E-02  8.04563E-02 -6.34047E-02  1.51110E-02  0.16038     -7.03244E-02 -2.33770E-02  6.04002E-02 -6.95597E-02 
-0.19528     -1.04092E-03 -8.28684E-02  2.93636E-02 -0.19297      1.25603E-02 -7.26151E-02 -0.25597     -1.20548E-02 -0.12433     
-0.20595      1.75166E-02  4.51316E-02  0.24920     -6.82062E-02  8.30717E-02 -0.30121      0.29620      6.08576E-02  0.11443     
 0.95876      0.84941       1.0369     -0.11057       2.0262      0.18901      -1.1047     -0.17132      8.02016E-02  6.24141E-02 
-7.39377E-02  0.12866     -2.45990E-02 -8.30354E-02  9.52159E-02 -3.08664E-02 -6.58953E-02  2.66240E-03 -0.10392      7.57117E-02 
 0.11387     -0.10315     -4.48263E-02 -0.15374      0.10975      9.90681E-02 -9.55403E-02  9.63697E-03 -5.79203E-02  0.12617     
-0.23212      1.42374E-02  7.66577E-02 -0.10800      8.88798E-02  9.58458E-02  7.29429E-02  2.74564E-02 -0.13437      0.13503     
-2.37806E-02  0.21841     -2.29268E-02  2.70728E-02 -6.33842E-02 -2.20908E-03 -0.15028      3.86074E-02  0.12001      2.12555E-02 
-0.11400     -2.97814E-02  0.25946     -0.15320     -7.79664E-02  1.70438E-03 -4.09382E-02  0.15458     -1.11262E-02 -2.69779E-03 
 0.15721     -0.10318     -9.72178E-04  7.65096E-03  0.21306      7.14314E-02 -0.22831      4.52140E-03 -1.86826E-02  0.10685     
-0.25432     -1.46698E-02 -0.13344     -0.15177     -0.23015     -9.25878E-02  5.16316E-02  0.15234     -9.15639E-02  0.11385     
 0.98088     -0.97633      0.94151     -0.64556     -0.25224     -0.15908     -9.32697E-02  0.55195     -0.11326     -0.14353     
 8.67756E-02  2.31738E-02 -1.08067E-02  0.17237     -5.30472E-02  6.33929E-02 -6.25348E-02  7.34373E-02 -1.07913E-02 -2.16327E-02 
 0.11661     -9.21101E-02 -0.18120     -2.23523E-02 -8.11490E-02 -2.66315E-02 -0.13433     -6.45732E-02  0.11306      0.15377     
 0.25349     -4.90635E-02 -5.07611E-02  0.18326      5.35084E-02  0.26555     -3.99428E-02  0.14235      9.37726E-03  1.63085E-02 
-0.14869     -9.45525E-02  0.11927     -0.15759      4.62526E-02  7.00742E-02  0.11850      5.53566E-02 -1.02051E-02 -5.50318E-02 
-4.91454E-02 -3.31022E-02  0.12837     -7.38107E-03  9.74061E-02  0.10942      0.13596     -5.21827E-02 -1.01561E-02  5.27846E-02 
 0.18525      4.41675E-02 -0.13563     -0.20191     -0.27722     -6.26350E-02 -1.37611E-03 -1.55919E-02  9.63531E-02  2.96252E-02 
-9.74851E-02  2.47747E-02  0.20669     -4.62055E-02 -0.12443     -0.30485      3.31347E-02  8.43630E-02 -0.10573      0.11383     
 0.74644     -0.92529      0.98877     -2.42226E-02  0.59595      0.80462      -1.4773     -0.53807      2.90922E-02  3.44075E-02 
 5.41740E-02  2.92210E-02 -3.12769E-02  3.95624E-02 -0.17440     -3.92561E-02 -9.94323E-02 -3.13512E-02 -0.17655     -6.77874E-03 
-0.15455      0.15245      2.13552E-02 -0.10989      5.96167E-02 -4.67780E-02  4.66014E-02 -5.43869E-02 -8.50542E-02  2.24403E-02 
-0.12698      0.10257      1.13549E-02  0.10656     -1.01369E-02  9.77139E-02 -0.22000      1.76134E-02 -4.54812E-02 -2.87687E-02 
-0.20764      2.94662E-02  0.22725     -7.48426E-02  7.51104E-02  0.18207      9.31961E-03  0.14343      0.12004      1.87675E-02 
-3.18152E-02 -4.76610E-02 -0.12664     -2.48467E-02  0.17144     -1.19602E-02  1.48905E-02  3.73464E-02 -3.76288E-02  6.25766E-02 
-0.21751     -0.25881     -4.43864E-02 -5.97434E-02  0.15852     -8.88871E-02 -4.76707E-02  1.87566E-02 -0.43377     -0.10695     
 0.14015     -5.53478E-02  0.12358      0.11313      1.99943E-02 -1.39110E-02 -1.75391E-02 -7.97949E-02  7.64250E-02  0.11391     
 0.94450      -1.0284      0.95538       1.1011      -1.7512      0.73235      -1.1744       1.8703      5.70533E-02 -0.10897     
-0.15148      1.38062E-02 -2.41659E-02 -7.77218E-02 -2.39523E-02 -0.12762      9.46411E-04  6.05355E-02  3.64474E-02  0.16347     
-7.47394E-02  0.19582      7.13911E-02  2.73091E-02  3.46899E-02  7.35187E-02 -9.97694E-02  2.91517E-02  0.16735     -0.16881     
-1.43503E-02  7.49036E-02 -4.49907E-02  1.27447E-02  0.19919     -5.49544E-02 -7.51992E-02  8.11620E-02 -1.31714E-02 -1.79794E-02 
 6.36197E-02  0.18325     -7.61251E-02  2.53128E-02 -7.60353E-02  1.87025E-02 -1.80357E-02  4.04304E-02  0.10913     -1.01077E-02 
 2.83669E-02  7.23438E-02  4.99643E-02  5.27975E-02 -0.17902      8.35885E-04 -6.22086E-02 -6.46297E-02 -0.11778      4.89232E-03 
 0.29230      9.94560E-02  2.61690E-02 -4.05618E-02  9.32073E-02 -0.12889      4.75325E-02 -1.59166E-02 -3.81987E-02 -6.17955E-02 
 7.41645E-02  4.16232E-03  0.14230      4.91880E-02  0.24332     -2.42654E-02 -0.36027      8.67385E-02 -0.24060      0.11385     
 0.79706     -0.82351      0.94230     -0.17099     -0.90486      0.40819     -1.62309E-02   1.4542     -1.78527E-02 -2.05534E-03 
 9.00403E-02 -2.00460E-02 -0.16274      4.18240E-02 -0.11601     -5.22611E-02  6.63397E-02  0.22108      4.20051E-02 -1.05766E-03 
 0.10273     -0.19574      2.32243E-02 -8.07332E-02  3.82478E-02  2.49566E-02 -6.80472E-02  1.25088E-02 -0.22319     -8.02003E-02 
-0.13926      4.86623E-02 -8.81251E-02  4.01964E-02 -6.04286E-02 -6.37893E-02  3.63369E-02 -6.35544E-02 -0.11022      0.10348     
-0.12097      0.28036     -0.11048     -7.20944E-02 -7.26989E-02 -4.85614E-02  3.09890E-02 -2.89897E-02 -5.62272E-03 -0.27118     
 0.17650      7.24996E-02  3.20503E-02  7.81597E-02  7.72601E-02  2.52959E-02  0.11419      3.69757E-02  7.61976E-02 -4.49218E-02 
 1.20037E-02 -3.38378E-02  0.10461     -2.92555E-02 -0.13276      8.26152E-02  7.47965E-02 -8.14218E-02 -2.12747E-02 -0.11598     
-0.23885      8.16706E-02 -4.55122E-02  6.35009E-03  0.31106      3.86910E-02  0.20965     -0.25598      0.13811      0.11472     
 0.78598      -1.0087       1.0782       1.1894      0.43085     -0.41514      0.15699       1.3422     -6.01961E-02 -2.83528E-02 
-8.38500E-02  0.15398      0.15641      9.47875E-02  2.70431E-02  1.30768E-02 -8.96968E-02 -9.20537E-03  1.32733E-02 -4.77797E-02 
-5.21225E-02 -4.02104E-02  6.36768E-02  0.19895     -3.67840E-02 -5.25927E-02  7.87857E-02 -0.16909      0.12661     -3.00896E-02 
 9.52871E-02 -0.12209      1.45507E-02 -0.16243     -0.12941     -8.37127E-02 -4.99525E-02  3.90172E-02  5.64441E-02 -5.99027E-03 
 4.00634E-02  5.30091E-02  0.17542     -5.12772E-02 -3.54599E-02 -8.30674E-02 -8.59409E-02 -6.83817E-03 -0.10836     -0.21686     
 0.16566      0.20164     -0.12630      0.17960      3.14206E-02  4.86276E-03 -2.35047E-02  0.12650      8.15396E-03 -0.36102     
 8.19041E-02 -8.14312E-02 -9.58302E-02  0.25924      0.17318     -0.12087      4.82028E-03  2.17243E-03 -2.50029E-02  1.65993E-02 
-0.14929     -4.43001E-02  0.13059     -5.26474E-03 -0.24968     -2.51555E-02  1.98632E-02  1.03862E-02  0.14722      0.11409     
 0.91593      -1.0482      0.82454     -0.95074      0.69695      0.39811      0.76330     -0.37738      9.55755E-02 -4.07659E-02 
-2.08034E-02  2.80758E-02 -6.03077E-02 -9.44326E-02  5.08332E-02  0.21019     -2.38644E-02 -1.65829E-02 -1.39114E-02  8.03880E-03 
-0.10573     -0.11383     -4.49236E-02 -0.14277      0.21170     -0.13784      7.11795E-02  2.57749E-02  0.13280     -2.70030E-02 
 0.13897      4.72013E-02  0.26274      9.05249E-02  0.11407     -6.40057E-02  5.59170E-02 -7.70962E-02  8.55457E-02 -6.43303E-02 
-4.02537E-02  6.98229E-02  9.90944E-03  0.18954      5.61613E-02 -0.18627      0.13167     -1.27373E-03  8.71894E-02 -0.10243     
 0.15687      2.48886E-02 -9.96304E-02 -1.76408E-02 -0.14301     -4.85099E-02  0.22093      4.15170E-02 -3.55260E-02 -4.58340E-02 
-0.14209      0.10087      6.10103E-02  8.94916E-02  5.90852E-02  0.34666      4.72908E-03 -4.62803E-03  1.72691E-03 -4.09136E-02 
 0.12411      3.87622E-02 -1.83244E-02  0.19405     -9.70953E-02 -0.23444      5.49887E-03 -0.10533     -0.23207      0.11432     
 0.83396     -0.94130       1.2017      0.48409     -0.69585      0.78913     -0.41814      0.63386      0.19097     -5.73839E-02 
 3.24185E-02 -1.06550E-02 -2.47747E-02  9.28596E-02  2.55488E-02 -1.97387E-02 -9.52968E-04  1.85207E-02  0.12874     -0.14732     
 0.15229      3.12647E-02  1.36611E-02  4.48127E-02 -8.90162E-03 -0.23328      4.79177E-02 -4.59203E-03  2.13392E-02 -7.23910E-03 
-0.12906      8.91097E-03 -4.36955E-03  3.51934E-02  8.95564E-02 -4.17369E-02  3.32795E-02 -0.18336      8.36132E-02  8.21232E-02 
 0.27140     -6.13227E-02  4.90481E-02  0.10632     -1.56700E-02  0.10141     -7.65553E-02  4.76016E-02  6.52735E-02  0.20220     
-5.82651E-02  2.01870E-02 -1.63030E-02  0.23173     -2.51890E-02  8.54439E-02  1.71547E-02  0.32033     -1.73558E-02  6.03795E-02 
-0.15882     -0.11121      9.32697E-03 -0.22666     -1.06859E-02 -0.19933      0.14577      5.10450E-02  0.16449     -0.11655     
 2.35780E-02  0.21422     -8.62160E-02  3.89219E-02 -0.10213      4.94099E-02  0.22727      9.88859E-02 -0.14866      0.11429     
 0.74719      -1.0180       1.2084     -0.45071      0.20166      -1.3542      0.25247     -7.28944E-02 -2.91478E-03  1.78162E-02 
-3.82875E-02 -3.43207E-02 -7.15606E-02 -0.21014     -2.26224E-02 -9.77116E-02 -6.21037E-02 -0.17459      2.52702E-02 -9.71218E-02 
 3.93061E-03 -7.96719E-02  0.11770      6.97590E-02  0.11351     -6.56753E-02 -0.10720     -2.63292E-02  7.97025E-02  0.15173     
-1.84947E-02  1.58368E-02  8.43811E-03  9.08235E-02 -0.10798     -7.39172E-02 -0.16660     -1.95135E-02 -0.10605     -0.12577     
-6.09341E-02  6.66431E-02 -5.87961E-02  1.28503E-02  6.33974E-02  0.10720     -0.23989     -2.48769E-03 -0.25420      0.18632     
 0.24247     -0.15592     -0.11533     -5.38704E-02 -0.13770     -3.65757E-02 -0.16123     -0.15916     -0.20054      1.06972E-02 
-9.57451E-04 -1.39900E-02  0.14005      1.86048E-02 -6.64128E-02 -6.78584E-02 -0.13945     -0.14867      0.13157      7.28426E-02 
 0.11603      0.13517      4.11798E-02 -0.11684      0.11546     -0.20103      0.19129      7.47003E-02  0.12781      0.11361     
 0.71185     -0.93632      0.84375     -0.60062      7.17892E-02   1.0376     -0.96349       1.0769      7.55009E-02 -0.17522     
 1.89594E-02  2.44607E-02 -1.57224E-02 -3.04763E-02 -8.93645E-02  4.82090E-02 -8.55413E-03 -3.92282E-02 -6.11332E-02  1.36976E-03 
 1.76793E-02  6.36246E-02 -5.28867E-03 -3.89658E-02 -5.12752E-02 -0.10032      3.72354E-02 -5.46584E-02 -4.67071E-02 -2.61699E-02 
 6.28856E-02  0.19091     -0.14365      8.77291E-03 -0.15157      0.16915      0.17271     -8.50155E-03  0.20734      2.60858E-02 
-3.27828E-02 -0.13249     -0.11382     -1.31513E-02  3.05096E-02 -8.10900E-02  0.11080     -8.05328E-02 -0.23467      4.46949E-02 
 2.43045E-02 -0.28992     -0.15077      0.12735     -7.59265E-02 -6.16588E-02  6.37732E-02  3.32145E-02  0.16816      2.29151E-02 
 0.15275      3.47719E-02  0.21585     -0.17498      0.22158      2.24095E-02 -0.15922     -0.11073      3.98366E-02  6.29323E-02 
-4.35861E-02 -0.27696     -0.19818      1.52707E-02 -5.85940E-02  0.10921     -0.12365      2.44216E-02  0.14496      0.11425     
 0.84448     -0.95955       1.1263       1.2699       1.7017      -1.3278       1.3225      -1.0725      3.45278E-02  3.50617E-02 
-1.38022E-02 -0.15803      1.50937E-02 -7.60802E-02 -0.12708     -4.23797E-02 -5.32867E-02  3.00963E-02  2.66098E-02  0.22693     
-1.09446E-02  6.65875E-03 -5.65683E-02  7.26716E-02  3.86133E-02  0.17596      0.12123      5.45085E-02  4.32304E-02  3.46829E-02 
 7.96640E-02  6.34252E-02  9.99645E-02 -6.43624E-02  7.87142E-02 -0.19207      0.23026     -0.14940      5.66048E-02  4.55402E-02 
-0.14320      8.14075E-02 -0.13377     -0.19913      1.79834E-02  0.11140     -1.13294E-03 -2.35106E-02 -8.05075E-02  4.47892E-02 
-0.16885      0.10813     -4.07048E-02  0.19396      0.14508     -0.10474     -3.38693E-02  6.20665E-02  0.16967      0.16820     
-1.14475E-02 -3.73317E-02 -0.11183     -5.95151E-02  4.39694E-02 -1.20145E-02 -0.12412      0.15255      0.16593      0.24013     
 6.37302E-02 -2.74526E-02  0.20546      0.16738      0.10896     -2.96110E-04  5.60329E-02  9.17520E-03  2.03653E-02  0.11357     
-0.97559       1.2295      -1.2388      -2.5254     -0.33106     -0.74084     -0.64317       1.8361      0.13221      3.20779E-02 
-0.16055      0.17574     -2.12107E-02  0.10516     -8.06516E-02 -0.17967     -7.24013E-02  3.18367E-02  0.14993      5.76908E-03 
-5.25765E-02  6.80243E-02  1.89588E-02  9.11890E-02  7.13523E-02 -6.28351E-02 -3.81644E-02  6.36513E-02  4.51925E-02  5.58374E-02 
-1.34662E-02 -4.84171E-02  0.11429     -0.22934     -0.15194      0.11605      6.79716E-02  1.10965E-02 -1.35252E-02  6.46650E-02 
 3.30976E-02 -1.03072E-02 -6.01912E-02 -6.96466E-02 -7.63188E-02  0.12615     -5.42239E-03 -0.17120     -0.22534     -8.22768E-02 
-8.71619E-02  3.70284E-02  8.86515E-02 -5.75715E-02 -9.54170E-02  8.89092E-02 -2.38926E-02  0.13685      7.82758E-02  9.53552E-02 
-0.14432     -8.60609E-02  8.46680E-02 -7.39253E-02  6.26789E-03  0.22713     -2.79133E-02  0.10902      1.61121E-02 -0.22360     
 0.16860     -7.69041E-02  0.30835     -8.13345E-02  1.67649E-02 -0.12232     -2.87225E-02 -8.56394E-02 -1.94934E-02  0.10989     
-0.94851       1.2313     -0.96876       2.6467       1.0560      0.94542      0.34770       1.4213     -7.31564E-02 -0.32477     
-8.27524E-03 -7.58979E-02  9.66843E-02 -0.25114      0.15647      1.27051E-02 -2.91447E-02  5.81312E-02  7.36793E-02  6.15772E-02 
-5.41937E-02 -0.15231     -3.93546E-02  1.71026E-02  0.12759      0.10214      5.03206E-02 -0.13301      2.10660E-02  7.89719E-02 
 4.81986E-02  7.15308E-02  8.60675E-02 -6.01173E-02 -3.03587E-02  0.31110      6.21823E-02 -2.52371E-02 -5.02986E-02  0.16909     
 2.06586E-02 -8.32753E-02 -6.30479E-02 -3.91622E-02 -4.01571E-02 -3.08444E-03  2.30125E-02 -5.93261E-02  0.12196      2.79235E-02 
 5.33899E-02  2.69776E-02 -6.11329E-02  4.64387E-02  0.10789     -4.12551E-02 -3.47039E-02  2.50089E-02 -9.08787E-02 -0.15919     
-0.31634     -1.23315E-02  9.90938E-02 -5.35904E-02 -5.63624E-02 -9.05083E-02  4.54312E-02 -0.12230     -9.14820E-02  6.61783E-02 
 4.76046E-02 -0.10637      4.63582E-02 -0.18053      0.19503     -3.10529E-02  5.09604E-02  6.83972E-02 -0.12137      0.10877     
-0.77439       1.0321     -0.87720      0.70515      -1.0335       2.6250     -5.43535E-02 -0.22505      0.18274     -0.16740     
 7.60592E-02 -7.99267E-02  0.16608      0.15622      0.18650      4.55698E-02 -0.25598      0.17243      1.74126E-02 -3.31180E-02 
-7.16328E-02 -2.94380E-02  7.83373E-02 -7.22597E-03  8.55213E-02  0.19308     -0.13045      8.42874E-02  4.30781E-02  3.21825E-02 
-0.15992     -6.70518E-02  0.16569      0.11250     -7.16814E-02 -0.20574      9.07714E-02 -6.92027E-02 -0.17192      2.22676E-02 
-0.11759     -0.13714     -9.48972E-03 -2.10044E-02 -1.13030E-02  2.57164E-02 -4.56983E-02 -7.03446E-02 -0.20842      2.44183E-02 
-1.46573E-02 -6.98385E-02 -3.55129E-02 -6.40561E-03  5.66280E-02  4.04591E-02  0.23593     -0.16917     -0.14595      8.59558E-02 
 0.12949     -0.11626      2.97382E-02  2.61197E-03  0.13273     -7.00577E-02  0.14709      4.73164E-02  3.93660E-02  6.53200E-02 
-1.04034E-02  9.63517E-02 -2.32696E-02  7.51110E-02 -0.11695     -8.40230E-02 -7.58369E-02 -8.43090E-02  0.10915      0.10932     
-0.92239       1.0887      -1.0225      0.36132      -1.0204     -0.40879     -0.11140      -1.5874      0.19107      4.05100E-02 
-0.22407     -2.09511E-02  0.12708      6.79425E-02  0.13161     -0.14750     -0.12698     -8.82007E-03 -5.45244E-02  3.03556E-02 
 0.27022     -0.17754     -0.18216     -1.60050E-02  6.34862E-02 -4.30013E-02 -0.10228     -0.21697      0.22249      4.80436E-02 
 0.10910      5.68348E-02 -2.10652E-02  0.10416     -0.16180     -2.89067E-02 -1.06711E-02 -0.15797      0.15519     -6.61042E-02 
 1.67411E-02  0.15689      0.13295      8.72183E-02 -1.34159E-02 -0.13534      4.05665E-02  0.15579     -5.09311E-02  2.09124E-02 
-0.18660     -4.30668E-02  5.51631E-02 -3.20152E-02  0.10460      4.31541E-03 -0.14822      5.29992E-02  0.11512     -6.45809E-02 
 5.98253E-02  6.20020E-02  5.80300E-03 -2.77330E-02 -9.91516E-03 -4.38750E-02 -0.12681     -0.19640     -0.13369     -6.64707E-02 
 3.69948E-02  9.76997E-02 -2.68631E-02  0.14781      0.17246      3.79279E-02 -3.98626E-02 -0.17159      3.11313E-02  0.10970     
-0.91912       1.0708     -0.99879      -1.3351      -1.9962      -1.5983      0.12056      0.15339      0.18409      0.11301     
 0.19195     -0.10847     -5.32799E-02 -3.84415E-02  6.46885E-02  7.08179E-02 -0.11752      0.14572      4.54764E-02 -4.19774E-02 
-0.24228     -6.21028E-04 -8.05312E-02 -0.17571     -6.13380E-02  1.18998E-02 -0.19535     -6.98753E-02  1.39814E-02 -2.90432E-02 
 4.15771E-02  0.17537     -4.30118E-03  7.94888E-02  0.31314      0.12138      3.82491E-02 -1.11606E-02 -8.78378E-02  8.84150E-02 
-1.07488E-02 -2.30232E-02  3.77319E-02  0.14487      8.59717E-03 -2.20472E-02 -0.14171     -6.96146E-02 -6.43933E-03 -0.16407     
 0.11219     -0.14198     -0.14480      7.42282E-02  4.01242E-03  2.99181E-02 -0.12935      0.14034      0.10930     -5.40298E-02 
-1.09087E-02  0.10366     -4.60762E-02  0.16744     -3.98918E-02 -0.18517     -0.21160      0.14414      2.23147E-02  4.56394E-02 
-1.39433E-02 -2.73354E-02  0.13840      4.28664E-02 -3.72708E-02  0.12457      7.26578E-02  0.10714      6.05436E-02  0.10957     
-0.79095       1.3020      -1.3041     -0.32152      -1.9505       2.2216     -0.20163      0.48896     -7.09674E-02  9.51599E-02 
-8.95631E-02 -0.12658     -0.12748     -0.13815     -4.84600E-02  5.49446E-02 -0.11561     -3.71052E-02 -0.14852      4.21271E-03 
-3.56442E-02 -5.20085E-02 -0.16812      2.11441E-02 -7.30838E-02 -0.11167      0.21342     -3.67532E-02 -8.72553E-02  0.12861     
 3.68951E-02  2.82338E-02 -5.36822E-02 -4.49740E-02 -0.12355     -0.16540      2.25738E-02  0.11068      6.59555E-02  8.44360E-02 
-1.00694E-02 -9.26329E-03  5.74118E-02  0.12332      0.13548      0.32690     -7.42340E-02 -0.13813      0.12200      8.87644E-02 
 0.13422      0.24771     -6.84713E-02  4.81942E-03 -7.11444E-02  0.13452      5.46678E-02 -0.10820      2.18220E-02 -0.10686     
 9.32521E-02  5.82251E-02 -0.19689     -0.17617      0.12113      3.86914E-02 -0.22469      5.69960E-03  8.34154E-02  5.02118E-02 
-8.48340E-02 -6.47476E-03 -6.04592E-03 -4.27681E-03  4.45881E-02 -2.42048E-02  5.80413E-02 -0.11555     -9.91265E-02  0.10940     
-0.92504       1.0685      -1.0401      0.44632       1.0555       1.0400      0.58181       1.1798     -0.20714      4.07862E-02 
 7.94834E-02  8.54334E-02 -0.10825      2.31119E-02  1.62574E-02 -1.53745E-02  0.11564      0.28599     -0.12627     -2.72104E-02 
 9.28589E-03 -0.13156      0.10799     -0.11771      9.22555E-02 -7.09928E-02 -8.58977E-02  3.07004E-02  0.12270      6.96244E-02 
 4.40120E-02  9.13416E-02 -9.95100E-02 -0.32222     -7.77970E-02 -4.77655E-02 -0.17805     -1.15200E-02  0.10267     -9.48826E-02 
-8.07562E-02  0.12314     -8.60543E-02  3.48966E-02  0.19801     -6.73010E-02  4.52447E-03 -1.49037E-02  1.48965E-02  0.15764     
 6.13853E-02  6.59585E-02  5.22563E-02  7.42103E-02  4.52355E-02  0.10276     -5.72422E-02  0.14021     -2.82040E-02  0.20236     
 5.87291E-03  0.14276      7.03150E-02  1.86635E-02 -6.98572E-02 -0.16046      4.90551E-02  0.15904     -4.29711E-02  2.42421E-02 
 9.52026E-02 -2.79088E-02 -0.11358      0.25239     -8.44175E-02 -0.16169     -7.95831E-02  0.12341      0.16681      0.11049     
-0.97444       1.1077     -0.94036      0.55286       2.2911     -0.29467     -0.45104     -0.69983     -0.14871     -0.11474     
 2.06861E-02  6.14713E-02  0.13971      2.75225E-02 -0.35413      5.62789E-02 -4.30283E-04 -9.07481E-02  0.21882     -4.73967E-02 
-8.17656E-02  1.12985E-02  1.30424E-02 -0.18649      3.69800E-02 -0.12896     -0.24074     -0.15316     -7.72088E-02 -0.18077     
-8.57091E-02  3.93683E-02 -5.11905E-02 -3.60877E-02 -6.16857E-02  2.86234E-03  3.66720E-03 -0.17351     -6.26086E-02  3.56970E-02 
-7.69448E-02 -1.42499E-03  0.17431     -2.92284E-02  7.30620E-02 -1.13842E-02  0.11470     -9.26594E-02  3.31832E-02 -8.41207E-02 
 2.46302E-02  7.93229E-02 -7.02030E-02 -8.11559E-04 -7.69807E-02  8.88498E-02 -4.02851E-02  6.28152E-02 -5.15353E-02  5.29273E-02 
 0.22990      6.34388E-02 -0.12744     -4.46335E-02  0.10045      5.85637E-02  3.13963E-02 -0.10138      0.11672      0.15213     
 0.22268      0.23769     -2.69819E-02 -0.12642      7.39556E-03  0.13243      1.97019E-02 -4.98741E-02 -8.96458E-02  0.10938     
-0.86214       1.1125      -1.0181     -0.92558     -0.17982      -1.0451     -2.29689E-02  0.22332     -0.10881     -0.14523     
-7.66464E-02 -9.74251E-02 -0.19401     -4.00538E-02  8.89102E-02  1.93286E-02  1.23382E-02 -0.19987     -0.19714     -2.32442E-02 
-4.40542E-02  0.10319     -8.38526E-02  0.32667      0.15088     -7.40205E-02 -0.22314      3.72055E-02 -4.09296E-02 -5.99938E-02 
-0.16157     -0.28826     -4.30557E-02  0.26083      5.52499E-02  8.17362E-03  3.58807E-02 -0.12899      0.11622      3.08423E-02 
-2.89944E-02  4.63820E-02  6.16186E-02 -0.12947      2.67470E-02 -0.17664     -0.10328     -7.09726E-02  0.11828     -1.73970E-02 
 9.65261E-02  0.15819     -7.71868E-02  5.81692E-02  0.11692     -0.19913      9.73861E-02  0.16813      6.64435E-02  0.10445     
 5.82311E-02  1.10264E-02  1.83496E-02 -9.18951E-02  1.27045E-03  1.87777E-02 -2.79450E-02  0.13456     -3.21072E-02 -2.95322E-02 
 1.33240E-03 -3.77741E-02 -9.80461E-02 -6.75403E-02  2.65657E-02 -0.10470     -9.98870E-02  9.27571E-02  0.10834      0.10945     
-0.92873      0.96073      -1.1776     -0.20038       1.6503       1.8171      -2.1056      0.66189      9.07244E-02 -9.08570E-04 
 8.30824E-02  8.33044E-02  0.11728     -0.11823     -8.95217E-02  7.76999E-03  0.12822      3.12526E-02 -0.13343      5.25223E-02 
-0.15111      0.11097     -0.14248      0.27605      2.48664E-02 -3.97586E-02  5.73106E-03  0.16384      4.25539E-02  3.39127E-02 
 0.24258      0.22373     -0.17146      0.17726      7.15527E-02  2.27565E-02  2.60407E-02  4.76357E-03 -0.12844     -0.26163     
 0.11992      0.19742     -0.10436     -3.13781E-02 -4.40118E-02  2.53047E-02  8.09281E-02  0.13622     -0.10367      4.00311E-02 
-6.78984E-02 -1.43201E-03  2.62491E-02  7.73389E-02  3.80570E-02  1.05436E-02  2.66977E-02 -1.24000E-02  5.76450E-03 -0.10173     
-6.18010E-02 -3.96320E-02  2.40272E-02  8.96112E-02 -3.67622E-02  9.89550E-02  1.00009E-02  0.11637      2.52218E-02  5.18060E-02 
-0.10341      0.29100     -1.07790E-02 -0.11495     -7.81144E-02  4.44585E-02  6.97069E-02 -4.99465E-02  5.43055E-02  0.10949     
 -1.0175      -1.0133      -1.1630       1.9454     -0.87226      -1.2426      -1.1747     -9.94457E-02  2.40882E-02 -0.11235     
 0.10353      0.14841     -0.17658     -4.24332E-02 -1.59111E-02 -7.44823E-02 -0.18051     -1.16123E-02  6.94354E-02 -2.29632E-02 
 0.15717     -0.21667     -0.17652      0.21051     -0.10528     -0.21769      9.04211E-02  7.17870E-02 -0.16455     -9.67790E-02 
-7.31846E-02 -9.87934E-02  9.56153E-02 -0.19767      0.22344     -5.01306E-02  2.08131E-02  6.99319E-02 -0.15334     -3.18700E-02 
-2.33823E-02  3.48287E-03 -0.10394     -0.11466      0.10361     -0.17467      0.12332      2.56534E-02  3.01979E-03  0.12449     
 5.47672E-02 -9.95732E-02 -1.28170E-02 -1.25224E-02 -4.91035E-02  0.10930      7.68952E-02 -0.16381      5.23907E-02  2.40662E-03 
 1.85232E-02 -0.14524     -3.01361E-02  4.38296E-02 -6.41817E-02  7.13908E-02 -0.15866     -8.74323E-02 -0.14701      2.31430E-02 
 0.11465      7.87276E-02  5.51464E-02  0.12794     -9.45695E-02  0.13399     -6.68955E-02  0.12155      5.57499E-03  0.10952     
 -1.0883      -1.0203      -1.0626       1.7953      -1.2508     -0.96243       1.1166       1.2700     -0.18802      0.16009     
-6.99205E-02  9.87555E-03 -7.90647E-02 -3.35651E-02  4.06101E-02  3.44185E-02 -1.77951E-02 -8.38159E-02 -0.10950     -2.83957E-02 
 2.82695E-02  0.17473      0.24686     -0.17075      0.17375     -0.13738      2.36283E-02  3.99367E-02 -0.15131      0.16173     
 0.11170      3.41202E-02  0.15405      3.61788E-02 -7.81765E-02  9.04270E-02  0.10236     -0.14053     -0.20428     -0.10394     
 7.12672E-02 -0.16594     -5.36246E-02 -8.28066E-02 -0.16991     -3.99734E-02  1.34543E-03  0.25310     -3.32167E-02 -7.99134E-02 
-8.23115E-02 -5.41077E-02  0.15581      8.45450E-02  4.13136E-02 -3.50924E-03  0.12831      8.69458E-02 -0.19800     -0.11733     
 9.56704E-02  0.15618     -0.10553     -0.13369      5.60903E-02  4.45561E-02 -0.15590      6.41695E-02  9.85873E-03 -5.51146E-02 
 6.77363E-03  4.53837E-02  2.83120E-02  7.70899E-02  5.12333E-03  0.11074      1.85609E-03 -1.20409E-02  8.33162E-02  0.10935     
-0.98770     -0.86251      -1.2223      -1.2525     -0.44546      0.10784     -0.48565      -1.5699     -0.20847     -8.02585E-02 
-7.65925E-03 -5.93113E-02  5.83076E-04 -2.54473E-02 -8.51058E-02 -0.16709     -0.19546      6.20862E-04 -7.83840E-02 -0.12231     
 4.74678E-02  3.88180E-02 -6.53698E-02 -0.17937     -0.22357      0.10495      0.16284      8.99982E-03  0.16414      8.95601E-02 
 4.75026E-02  5.36236E-02 -0.20853      7.84377E-02 -6.70660E-02 -0.20099      1.26039E-02 -4.52408E-02 -0.10738     -4.42012E-02 
-8.38445E-02  6.72835E-02 -9.27248E-02  3.16872E-02 -0.23929     -0.10412     -8.86078E-02 -5.13881E-03 -3.71974E-03 -0.15195     
 0.19789      6.66723E-02  0.21938      9.64039E-02  4.17982E-02 -0.10732      6.76614E-02  8.98795E-02  8.88419E-03  6.62397E-02 
-0.12688     -7.58565E-02  0.11418     -2.74326E-02  5.08834E-02  3.29551E-02  0.11393     -0.12492     -9.60104E-04  1.13143E-02 
 0.14900     -8.38281E-02  2.48591E-02 -5.05769E-02 -0.13607      9.27753E-02  1.55161E-02  0.25250     -0.15901      0.10976     
 -1.0590     -0.92066      -1.3693     -0.61758     -0.93881      -1.9106     -0.42741     -0.70210     -2.17263E-02 -9.45067E-02 
-4.73061E-02  0.16004      0.19166     -0.11174     -0.26767     -1.54117E-02  0.20344      2.69549E-02  0.14357     -0.10292     
-7.01685E-02 -0.11537      1.60968E-02  1.70081E-02  0.22161      9.48702E-02  4.61116E-02 -1.37709E-02 -0.12756      0.26013     
-9.15680E-03  2.40481E-02  0.13563      0.11309     -8.34033E-02 -9.76481E-02 -6.86364E-02  8.13493E-02  7.71144E-02  9.11150E-02 
 0.26692     -3.63352E-02 -1.55847E-02  9.86890E-02 -9.45133E-02  8.33123E-02  0.11476      2.32468E-02  0.21461      1.74048E-06 
 9.16826E-02 -8.57124E-02  4.67786E-02  2.33659E-02  5.45110E-02 -8.24642E-02  6.52236E-02 -0.10849      0.18918      0.11650     
 0.11582     -0.15307      8.84924E-02  9.45971E-02  2.67901E-02 -0.21177     -1.16785E-02  6.18536E-02  2.38919E-02  2.57839E-02 
-0.12160     -2.88182E-02 -2.05331E-02  0.11494     -3.41723E-02 -0.10699     -8.01904E-02 -3.38042E-02 -8.72535E-03  0.10965     
 -1.0852     -0.93496      -1.2399      0.66279      0.54646      -1.9678     -0.48429     -0.25603      0.25417      0.16499     
 0.11187     -3.71704E-02  0.10049      4.69671E-02 -6.59305E-02 -1.90144E-03  0.24565      0.17863     -0.13892     -0.16614     
 0.21593      0.14653     -0.17917     -9.66250E-02 -0.10374      0.19927     -8.00327E-02  3.33761E-02 -1.56735E-02 -9.45946E-02 
-1.48142E-02 -6.08194E-02  0.16809      2.47103E-02 -2.23246E-02  0.16509     -8.38538E-02 -1.14231E-02  2.67994E-02 -2.55350E-02 
-7.30788E-02  4.58478E-03  2.30946E-03 -0.10245     -1.28024E-02  9.25599E-02  6.31034E-02 -0.17341     -6.11504E-02  0.15786     
 9.24284E-02  0.21288     -1.36579E-02  0.22634     -0.10442     -0.10595      2.24411E-02 -0.11537     -0.15558     -0.13909     
-3.84473E-02  7.18123E-02 -3.85446E-02 -1.76205E-02  0.15681      7.88346E-02 -1.64149E-02 -0.10352     -9.20462E-04 -0.12871     
-1.54391E-02 -3.76370E-02 -0.11140      3.25604E-02  2.44610E-02 -9.88972E-02  1.76136E-02  0.11822     -5.78141E-03  0.10953     
 -1.0180     -0.97878      -1.0635      0.31403      4.75547E-02  0.77952      -2.0615       1.7521      3.06457E-02  0.15330     
 0.14815      0.13096     -0.21175     -9.30087E-02 -5.79409E-02  0.12112      7.56313E-02 -6.38522E-02  0.10499      0.13600     
 0.14920     -6.72168E-02  7.17754E-02  1.10327E-02 -0.14355      0.14114      6.77482E-02 -6.75282E-02  0.15254      1.08505E-02 
 6.26876E-02 -0.23185      0.17956      7.14765E-02 -0.18712     -5.32030E-02  0.21480      0.10716      7.20599E-02  5.48018E-02 
-0.19796      6.77755E-02  0.14861      6.93569E-02  3.24606E-02  0.13552     -6.55021E-02  0.15339      3.00200E-02 -4.03456E-02 
-5.49351E-03 -0.23096     -0.12269     -6.16575E-02  0.15048     -7.66118E-02 -3.89866E-02  0.10795     -2.08476E-02  9.39245E-02 
-7.82655E-03  8.68221E-02 -2.34938E-02  0.17659      8.71870E-03 -1.26004E-04  9.76647E-02  7.88696E-02  8.49396E-02 -6.27974E-02 
 6.13701E-02  8.96316E-02 -0.10371     -9.68591E-02  7.48052E-02  8.41450E-02 -5.89205E-02  0.10586     -7.80352E-02  0.10980     
-0.99536     -0.93810      -1.0133      -1.0640      0.58767      0.93993     -0.42661     -0.46805     -0.21754     -1.50290E-02 
-8.66052E-02 -0.10985     -8.29094E-02  0.26873      0.13492     -0.19869      0.18911     -0.13074      0.24948      2.49320E-02 
 7.57199E-02  8.84797E-02 -1.83908E-02 -5.51621E-02 -7.33651E-02 -0.20628     -0.12187     -5.47744E-02  3.86104E-02 -8.89634E-02 
 1.61705E-02  0.19928      0.16625     -3.44958E-02  2.05883E-02  3.17470E-02  9.94017E-02 -0.10874     -6.98351E-02 -2.86870E-02 
-9.43369E-02  9.02665E-02 -1.35138E-02  4.33762E-02 -4.33130E-02  0.11373     -0.11498     -3.27094E-02  4.04792E-02  0.23119     
 6.23844E-02 -7.55769E-02 -7.33145E-02 -9.87477E-02 -4.54803E-02 -0.19240      6.54052E-02 -7.77303E-02  6.77281E-02 -0.19448     
-3.95592E-02 -6.73238E-02 -4.98102E-02  3.68362E-02 -4.20546E-02  5.66576E-03  0.14063      9.89419E-02 -7.02509E-02  0.19455     
-0.26671     -9.77610E-02  8.80052E-02  0.11879      3.95583E-03 -2.66787E-02 -4.16285E-02 -9.15288E-03 -1.53937E-02  0.11055     
 -1.0032      -1.0272      -1.0631      0.29142     -7.77590E-02  0.93283       1.2422     -0.86631      0.18526     -0.14830     
 0.21579     -0.12048     -0.10057      4.80049E-02 -2.64128E-02 -0.12233      0.31976     -0.27345     -0.21808      5.95264E-02 
-0.14349     -0.17848      7.81220E-02 -5.57743E-02  9.47410E-02  7.64141E-02  1.65679E-02 -9.11627E-02  0.11120     -0.12813     
-0.25379      5.14652E-02 -0.11045     -0.16718      1.38573E-02 -5.07197E-03  2.53142E-02  0.16916      8.36797E-02 -7.94363E-02 
 0.14459     -0.14355      0.12761     -4.98022E-02 -0.10948      5.35902E-02 -0.13101      0.10052     -0.13556     -4.54020E-02 
-1.20645E-02 -1.70185E-02  6.14380E-02  6.83104E-02  0.10342      0.13767      3.18157E-02  5.79645E-02  4.83734E-03 -6.92793E-03 
 0.10048     -2.06337E-02 -2.13703E-02  5.58955E-02 -0.10862      0.18671     -4.39656E-02 -0.10288      8.27058E-04  2.76952E-02 
-4.03296E-02 -7.98963E-03  0.11560      6.24522E-02  8.11882E-03 -5.54717E-02  2.48426E-02  2.42970E-02 -0.10431      0.10908     
 -1.0370      -1.1439      -1.0187     -0.45067       1.4186     -0.95723      -1.1698      0.67663      2.29018E-02 -0.11770     
-4.14716E-02 -5.38683E-02  3.16259E-02  9.84740E-02  0.20669      0.26944      4.52648E-02 -3.80634E-02 -8.81841E-02  0.10287     
 5.95907E-02  2.04841E-02  0.17490     -6.78897E-02 -7.34656E-03 -0.14080      7.31859E-02  0.18656      3.92498E-02 -0.24862     
 4.41606E-02  0.11041     -5.47766E-02  7.39065E-02 -2.28378E-02 -0.13566     -1.43848E-02 -9.17856E-02 -4.19204E-02  0.20868     
 0.19664      9.15239E-02  3.52479E-03 -8.77922E-02  0.20551      8.82372E-02  1.82167E-02  7.70561E-03 -3.00252E-02 -0.10983     
-1.05929E-03  3.94040E-02  0.14180     -0.17320      9.38442E-02 -6.73372E-03 -2.34281E-02 -0.19888      9.27729E-02  0.14945     
-8.41512E-02  0.11750     -6.41224E-02  5.32729E-02  0.11478     -0.18595     -8.13638E-02 -0.22030      4.38494E-02 -0.15250     
-1.35298E-02 -8.75753E-02  0.13359     -4.98117E-02 -3.88756E-02 -5.17584E-02  0.13829      5.01571E-02  3.79351E-02  0.11027     
 -1.1661     -0.94509     -0.93945      3.50405E-02   1.4108       1.2498       3.0207       2.3056     -4.90266E-02  0.12951     
-0.16305      0.11240      7.96559E-02  2.13398E-02 -0.16857      8.32995E-02 -9.61221E-02 -1.33814E-02 -6.14102E-02  0.22455     
 0.10199      0.14234     -6.00250E-03 -7.33998E-02 -7.29745E-02  2.09721E-02 -9.75943E-02 -0.10227     -5.50033E-02  4.81978E-02 
-0.14178     -0.12109     -0.14071      6.89678E-02  0.24836     -6.32804E-02 -4.73670E-02  8.93960E-02 -3.68548E-02  5.89589E-02 
 5.66501E-02  7.85043E-05 -6.48270E-02  0.19374     -6.83486E-02 -7.28631E-02  3.20901E-02 -8.54928E-02 -0.18321      0.10644     
-8.21791E-02 -2.65044E-02 -0.12787     -3.94131E-02  0.16915     -0.12531     -1.68897E-02 -0.13101      9.49664E-02 -0.12837     
 5.31051E-02 -0.10427      4.74716E-02  9.15986E-03 -0.13475     -3.97039E-02 -3.53250E-02  2.49124E-03 -5.32044E-02 -0.11500     
 0.10878     -4.97149E-02 -9.09947E-02  5.50087E-02 -6.36056E-02 -7.48412E-02  0.17528     -2.93813E-02 -0.15102      0.10944     
 -1.0021       1.1490      0.88408     -0.46717      -1.1022       1.0575      -1.3381      -2.5109     -6.93098E-02 -0.12749     
 0.18670     -4.73518E-02 -8.54644E-02 -5.79917E-02 -6.33203E-02  0.20581     -0.11830      2.85990E-02  3.71897E-02  8.06504E-02 
 0.18739      0.18179      0.12875     -1.78424E-02  1.66581E-03  2.31112E-02  7.22443E-03  1.48428E-02 -0.11437     -6.71663E-03 
 4.04262E-03 -4.24535E-02 -4.69134E-02 -0.17181      2.52277E-02  5.18963E-02 -0.11594     -6.98535E-02  0.17834      8.19994E-02 
 2.82598E-02 -3.62075E-02 -0.14864      5.74042E-02 -0.17915     -2.59473E-02  0.15303      0.17016     -0.18838      0.11735     
 3.97351E-02  8.51735E-02 -1.28422E-02 -1.95865E-02 -0.10163     -0.20785     -2.73361E-02  0.17120     -6.93355E-02 -5.77388E-03 
 2.69984E-03 -9.14087E-02 -0.20871      0.25645     -0.11466     -5.77575E-02 -0.11214     -5.08098E-02  3.39109E-02 -4.51586E-02 
-5.02188E-02 -1.11197E-02  6.82842E-02 -7.80859E-02  5.79618E-02 -0.18636     -4.53307E-02 -0.14159     -1.84982E-02  0.11147     
 -1.0108       1.1764      0.92392      0.71730      0.93589       1.1939     -0.68380      0.43405     -1.54579E-02 -4.03812E-02 
-0.13711      0.14316      4.71841E-03  5.47497E-03  9.16564E-02 -0.31114      0.15214      0.11286      0.18113     -6.20330E-02 
-1.97327E-02  8.14681E-02  1.49361E-02 -7.55639E-02 -0.11251      4.86051E-02  0.28261      0.22013     -5.46603E-02  5.48259E-03 
-0.12417     -8.05313E-02 -6.42867E-04  0.21411      0.16033     -2.70069E-03  0.15035     -3.35221E-02  0.13346     -0.20504     
-7.43310E-02 -0.16762      0.17409     -3.40791E-02  2.79080E-02 -6.58573E-02 -4.86369E-04 -5.72775E-02  6.67661E-02 -5.68157E-02 
 7.71785E-02  7.67072E-03  2.32892E-02  2.38139E-03 -3.90413E-02 -2.92763E-02 -7.81169E-02  6.34512E-02 -0.10312      9.83631E-02 
 9.11444E-02  0.13548      1.46615E-02  0.12069     -0.13431     -8.72267E-02 -0.23732     -0.12507     -1.86396E-02  3.10426E-02 
 4.53567E-02 -0.10270      3.83423E-02  3.52873E-02 -4.80390E-02 -8.58790E-02  0.17144     -0.17951      4.41817E-02  0.11100     
 -1.0120       1.2480       1.1160      0.13114     -0.28167      -1.0082      0.66514      0.30523      0.12700      0.15087     
-1.29015E-02 -0.12253      5.97687E-02 -3.33404E-02 -0.10448      0.16775     -8.06924E-02 -2.05547E-02  0.21562      1.83613E-02 
-7.55041E-03  0.20154     -0.18302      0.10290      4.28670E-02 -7.60786E-02  6.60676E-02 -2.31626E-02  0.18294      6.65618E-03 
-0.25488      2.85005E-02 -5.64249E-02 -0.12932     -7.91009E-02 -6.87784E-02 -0.11954      6.32525E-02 -0.18274     -6.66868E-02 
-6.32067E-02 -0.12684     -7.56458E-02 -0.10064      0.26973     -1.48881E-03  4.68221E-02  0.22002      9.64053E-02  5.52287E-02 
 0.15235     -0.10583      0.15561      8.90083E-02  0.17593     -0.10032      1.01860E-02  7.69982E-02  4.88194E-03 -3.26036E-03 
 2.76183E-02  0.20738      0.18074     -7.68696E-03 -2.55211E-02  6.86885E-02  0.10938     -7.88379E-02 -1.60062E-02  2.65045E-02 
-0.19413     -0.12435      3.91253E-02 -5.35705E-02 -8.44899E-02  3.24828E-03 -2.27104E-02 -0.14456     -0.11308      0.11092     
 -1.0282       1.0858      0.81466      0.10845      0.49171     -0.76919      0.88947     -9.98104E-02  7.47484E-02 -2.89967E-02 
-0.29450      0.18671     -8.72461E-02 -0.12475      5.82870E-02  7.82974E-02 -0.15602     -0.10407     -0.10116     -4.42407E-02 
 4.34716E-02 -1.39878E-02  0.18914     -0.10771     -7.27481E-02  0.23260      1.65544E-02  1.91693E-02 -7.24626E-02 -0.11294     
 0.15766      0.17803     -2.78081E-02 -6.27262E-02  0.13542      4.73117E-02 -8.51131E-02 -0.11853      0.15916     -3.64872E-02 
-0.10560     -0.14413      0.18998     -0.20158      1.17003E-02  7.43922E-02 -5.88896E-02 -3.61285E-02  3.28700E-03  0.15203     
 0.25246     -5.27127E-02  6.51648E-02  8.63086E-03  2.11146E-02  8.51600E-02  4.76155E-02 -6.44232E-02  0.16799      2.13962E-02 
-9.99109E-03 -0.11839      4.77760E-02  2.26129E-02 -0.10199      8.00996E-02  0.14070      0.10466      7.43692E-02 -0.14516     
-0.21289      0.19755     -3.21181E-02  1.61342E-02  1.64542E-02  0.13922     -0.10630      9.30375E-04 -5.67565E-02  0.11070     
-0.97930       1.1536      0.82599      0.39899     -0.56753       1.4171       3.1436      0.39914     -4.25588E-02  0.20307     
 0.16461     -1.00427E-02 -0.19146     -0.11194     -5.31516E-02 -0.14143      2.76138E-02 -7.40296E-02  6.91969E-02 -0.25642     
 7.91356E-02 -6.10374E-02  4.23299E-02  0.13197      2.26909E-02  1.53149E-02  5.74280E-02  5.58306E-02  0.14695     -0.14538     
 5.19088E-02  2.37098E-02  5.98617E-02  0.11707      0.10092      0.12338     -6.58162E-02 -0.13055      1.23700E-02  8.12663E-02 
-1.98446E-02 -5.44028E-02 -5.94320E-02 -1.22047E-02  2.22970E-02  0.16249      0.18976      0.13561     -7.91716E-02 -0.20161     
-0.12623      8.87732E-02  6.24694E-02 -0.13819     -0.15041     -1.70205E-02 -2.35166E-02 -6.99483E-02  0.24507     -1.33906E-02 
 6.34315E-02 -8.13641E-02  7.28472E-02  3.70467E-02  0.23999     -0.10145      0.11357     -6.18978E-02 -0.11426      9.44914E-02 
 4.06875E-02  2.55280E-02 -4.65694E-02 -7.41801E-02 -2.91748E-02 -0.10560      1.47342E-02  0.10004      2.51323E-02  0.11017     
 -1.1078       1.0449      0.89327      0.17761      -1.0707     -0.66228     -0.95642      3.55761E-03 -0.12283      0.16937     
 3.21218E-02 -7.72651E-02  0.14244      0.11711      2.80850E-03  0.20624      4.90013E-02  0.13260      8.76621E-02  9.77178E-02 
 0.29786     -6.05400E-02  0.21703     -4.53342E-02  7.99002E-02 -8.94951E-02  9.13647E-02 -9.12680E-02 -5.21437E-03 -0.10865     
-2.59017E-02  1.66626E-02 -0.11694      0.16595      8.52672E-02 -2.51149E-02  3.48760E-03  0.19617      4.83444E-02 -0.20630     
 5.93379E-02 -0.11513     -3.06823E-02 -7.55162E-02 -7.25664E-02 -4.33179E-02 -0.13153     -0.12152      8.68697E-02 -8.62372E-02 
-6.81558E-02  8.49228E-02 -0.16256     -4.06869E-02  6.92360E-02  0.12324     -8.93762E-02 -2.58778E-03 -7.56717E-03  1.90885E-02 
-0.14066     -0.17274      0.23122     -8.81802E-02  0.12004      0.19222     -0.10312      3.10391E-02  9.52499E-03  0.22029     
-3.88385E-02  0.10283      7.59690E-02 -1.66685E-02  4.99960E-02 -0.12075     -0.13962      0.11379      4.37925E-03  0.11069     
 -1.0085       1.1398      0.92171      0.44494      1.14044E-02  -1.4995       1.8093     -3.61471E-02  3.62197E-02 -0.19236     
 0.16436      0.22984     -0.14688     -4.51787E-02  0.12862      8.99425E-02 -0.14284      2.42540E-02  2.63077E-02 -0.15552     
-0.17062      0.15967      6.78370E-02 -7.40037E-02 -0.19274     -6.88972E-02 -1.55530E-02  8.58113E-02  4.64559E-02 -0.11229     
-3.70069E-02 -2.00921E-02  0.11577      6.04169E-02 -0.24984     -2.84598E-02 -3.20571E-02  0.17098      6.78653E-02 -8.90257E-02 
 0.12328      0.32330      4.83179E-04  4.79223E-03 -0.15513      6.65446E-02  2.97110E-02 -6.61148E-02  4.63090E-02 -3.85678E-02 
-0.15509     -4.94520E-02 -5.38272E-02  7.36119E-02  8.68213E-02 -6.17913E-02 -0.20961     -0.11056     -6.96870E-02  1.61529E-02 
-1.65000E-02 -6.11383E-02 -6.83606E-02 -0.20911     -0.11740      8.14806E-02 -1.72083E-02 -1.24086E-02 -1.40171E-02  0.15797     
-9.83239E-02 -4.84976E-02 -9.37704E-02  0.10916     -5.03872E-02  1.02829E-02  6.33243E-03 -8.15114E-02 -9.48373E-02  0.11011     
-0.89777       1.1088       1.1613       1.1650      0.24694     -0.72813     -0.93611       1.3069     -0.14961      6.53397E-02 
 8.01863E-02 -0.16968      0.16632      9.47909E-02 -0.16973     -0.15029     -0.13461     -4.44048E-02 -0.29017      0.16584     
-0.12707      3.76069E-02 -0.17434     -7.21834E-02 -0.10765     -6.03801E-03  1.57187E-02 -0.10946     -5.77840E-02 -0.10315     
-4.34649E-03 -0.10742      0.23979      2.13750E-02 -6.46339E-02 -5.44177E-02 -5.46315E-02 -2.99367E-02  0.29128      2.67691E-02 
 0.16956     -4.52376E-02 -0.16264     -8.56190E-02  6.06798E-02  1.96450E-04 -0.10499     -9.36009E-03 -3.03476E-03 -0.12642     
-1.72943E-02 -0.19419      7.34234E-02 -0.17125     -0.28403     -5.20415E-03  7.96102E-02  1.36353E-02 -5.21617E-02  2.35961E-02 
-8.08720E-02  3.60172E-02  9.12327E-02  3.53210E-02 -0.11641     -5.50039E-02  0.10629      1.91086E-02 -3.56744E-02  2.22170E-02 
-0.10317      0.11244     -5.76176E-03  9.50483E-02 -4.53518E-03  1.13073E-02  0.10936      2.30391E-02 -9.30388E-03  0.11120     
-0.97633       1.0812      0.92304      -1.7894       1.0400      0.50633      0.61054     -0.38561      0.10867     -0.12285     
 1.79171E-03  2.92561E-03 -4.65082E-02  6.36037E-02 -2.89332E-02  1.36402E-02  7.17366E-02 -4.05193E-02 -0.18062      0.14793     
 0.27022     -4.03432E-02  7.53990E-02  0.18305      4.90094E-02  9.01480E-02  7.47330E-02 -0.11025     -0.20269      6.68375E-02 
 4.61344E-03  5.66087E-02  0.21562      9.66467E-02  7.97067E-02 -4.05400E-02 -0.13601      7.72809E-02 -0.15108     -6.00659E-02 
-5.30848E-02  6.94968E-02 -8.16959E-02  4.05602E-02 -0.14038      9.21231E-03 -1.72477E-02  1.56325E-02  0.14900     -3.74186E-02 
 7.96454E-02 -9.00387E-02 -8.22870E-02  5.59430E-02 -0.11842      0.17565     -0.15315      4.82611E-02  4.18798E-02 -5.59778E-02 
 2.00997E-02  0.22472     -0.11360     -0.11778      5.38834E-03 -7.59263E-02  0.26315     -8.52224E-02  9.51499E-02  3.44331E-02 
 0.18351     -0.18424      0.12588      5.69235E-03 -0.17436      0.13866     -2.16404E-02 -9.18541E-02  0.12517      0.11094     
-0.99646       1.0497       1.0235      0.68769       1.0297      0.21612     -6.67601E-02  -1.7343     -2.97735E-02 -6.76320E-03 
-8.60857E-02 -2.07794E-02  0.11849     -2.48820E-02  0.19596     -8.06261E-02  0.22650     -8.41378E-02  0.16705     -3.67440E-03 
-4.55362E-02 -6.65299E-02  2.52489E-02  1.13259E-02 -0.16380     -3.22235E-02 -8.27642E-03 -4.76545E-02 -3.95160E-02  8.21061E-02 
-6.35332E-02  2.95052E-02 -7.50470E-02  0.11175     -1.80876E-02  2.19881E-02 -0.17945      0.26614     -1.15069E-02  0.27424     
-0.12336      6.55782E-02 -0.14482     -5.14193E-02  0.15558     -3.52174E-02 -1.81271E-02  0.19897     -0.15025     -0.20986     
 1.24111E-02  1.09138E-02 -4.24908E-02  2.11346E-02 -8.37018E-02 -5.75826E-02  0.12302     -5.76098E-03 -5.47910E-02 -9.50068E-02 
-5.89356E-02 -6.58223E-02 -2.07650E-02 -0.14306      2.06165E-02  9.37816E-03 -0.13665      0.22907      0.20342     -0.24036     
 0.11174      5.45346E-02 -6.94849E-02  0.18759     -4.86942E-03  9.36514E-02 -9.15929E-02  3.06003E-02 -3.92103E-02  0.11102     
 -1.1849     -0.87872       1.0132      -1.5695      0.89011      0.37675      0.85746     -0.25795      1.62955E-02  0.11279     
-6.47098E-02 -0.11820     -8.40336E-02 -7.80947E-02  9.42616E-02  0.17750     -5.38393E-02  0.12818      0.21897      0.12410     
-0.14489     -0.11850     -0.16179      4.64978E-02 -8.55951E-02 -3.99165E-02  0.11471      1.16177E-02 -0.17042      5.55844E-04 
-7.65225E-02  0.17147      7.31051E-02 -3.91862E-02 -0.17847      0.13936     -9.63170E-02 -2.44539E-03  0.17711     -0.11756     
 4.28070E-02  8.03396E-03  6.75585E-02  3.61545E-02 -0.12829     -0.12097     -0.21376      2.75786E-02  7.75083E-02  5.24071E-02 
-0.23211      0.11629      2.03195E-02  0.10167     -1.36503E-02 -5.20256E-02  0.21458     -0.12744     -5.72643E-02  6.00550E-02 
 0.25194     -1.21247E-02  4.54951E-02  8.05590E-02 -2.75016E-02 -2.90123E-02  8.91064E-02 -5.04831E-02 -9.45444E-02 -0.12544     
 0.12537      7.01882E-02  8.70727E-02 -0.13403      4.00868E-02  5.92604E-02  4.27769E-02  0.20256      0.13881      0.11092     
 -1.1695     -0.79544       1.0247      -2.0956     -0.92832      -1.1805       1.4011       1.3278      1.25541E-02 -0.22720     
 0.20969      7.29038E-02  0.20323      8.70880E-02 -4.93540E-02  9.29269E-02  7.99830E-02 -8.57078E-02  7.10979E-02  8.05530E-02 
-8.43155E-02 -0.19540     -1.47642E-02 -3.80204E-02 -1.46047E-02 -2.68513E-02  4.18338E-02  3.62232E-02  6.75285E-02  0.11039     
 0.12997     -7.20690E-02 -5.04703E-02 -5.24753E-02  0.19142     -0.18535      5.94824E-02 -6.18996E-02 -6.65588E-03 -3.61200E-02 
-0.20391     -3.72363E-02  1.18864E-02 -0.12436     -2.61249E-02  0.12054     -0.12320      4.58253E-02 -4.02449E-03  0.13323     
-0.15101      0.19436      9.27931E-02 -0.11136     -0.16295     -8.31310E-02 -4.29169E-02  6.42658E-02 -0.11575     -6.65347E-02 
-8.43560E-02  6.36319E-02  6.05303E-02 -6.60499E-02  1.52591E-02 -8.55053E-02 -0.10712      8.94362E-03 -0.19144     -8.26646E-02 
-2.81321E-02  1.14966E-02 -0.24671     -0.10729      9.86203E-03  0.15416     -0.12008     -0.13727      3.18078E-02  0.11109     
 -1.2243     -0.96939      0.97392      0.34023       1.0826       1.8090      0.22078      -1.2536      4.78436E-02  0.10330     
 9.83159E-02 -0.12003      0.19261      8.12602E-02  5.83254E-03  4.25630E-02 -3.83813E-03 -0.14046     -8.52879E-03 -0.24607     
 5.90086E-03  0.12368      7.64399E-02  1.68887E-02 -6.59423E-02 -3.74396E-02  3.85071E-03  6.28413E-02  1.07759E-02  0.12665     
 0.16242     -0.29263      7.03340E-02 -0.28375      0.19008      0.11325      8.52336E-03  7.76079E-03  6.08800E-02 -3.47018E-03 
 6.09597E-02  0.25004      7.71375E-02  0.11061     -5.16603E-02 -0.13929     -8.89524E-02 -7.84797E-02  6.43406E-02 -3.53509E-02 
 0.12788     -0.13040      7.26292E-02  3.00512E-02  0.11325      0.12294      0.10910     -0.13149      8.68443E-02  0.11526     
-3.63285E-03  9.06230E-02  0.12320     -0.14141      7.17375E-02 -6.99192E-02 -0.10061      7.71975E-02 -1.74515E-02  3.14687E-02 
-8.15368E-03  1.29409E-02  9.01643E-02 -0.16326      0.20040      4.16394E-02 -3.99745E-02 -0.12489      3.59277E-02  0.11079     
 -1.1628     -0.96122      0.96283     -0.96410     -0.29441      0.31174      -2.1243      0.20283     -0.13108      3.44209E-02 
-0.10377      7.25486E-02 -8.86265E-02 -0.13933      0.19764      5.94559E-02  1.24561E-02 -5.59255E-02  5.83625E-02 -0.11212     
-0.11618      6.53400E-02 -4.87031E-02 -5.47525E-02 -6.26608E-04  0.11230     -0.19297     -0.20044     -5.95504E-02  0.15923     
 8.79493E-02 -0.21757     -0.11346      6.13808E-04  0.14487     -3.43043E-02 -6.84375E-02 -5.48370E-03 -7.02787E-02  3.12688E-02 
 0.10442     -5.64850E-02 -3.57410E-02 -0.12262      9.59089E-02  5.71249E-02 -1.53418E-02  3.33156E-02 -5.99260E-02  2.07338E-02 
-0.27261      7.17926E-02 -1.28770E-02  0.18536     -8.81587E-02  0.18960     -2.62618E-03 -2.95039E-02  3.62223E-02  0.11818     
-6.42447E-02  2.15258E-02  4.08235E-03  0.18813      9.30617E-02  0.15749      0.19253     -0.18527      1.09643E-03  0.15892     
-4.16667E-02 -0.16303     -5.48165E-02  0.21736      9.40359E-02  5.48302E-02  0.15668     -7.21846E-02 -1.57227E-02  0.11071     
 -1.0627     -0.95305      0.89568      -1.2654     -0.21778      -1.6457     -0.62111     -0.65111     -0.14498      0.15548     
-7.44023E-02 -7.97220E-02  0.16760     -7.57091E-02  0.18720     -0.19413     -7.40661E-02  6.45479E-02 -8.95711E-02  8.78761E-02 
-7.68093E-02  5.94703E-02  2.25439E-02  0.17080      0.21190     -2.14985E-03 -2.76900E-03  8.30599E-02 -3.53440E-02 -0.24168     
 7.57823E-02  6.75688E-02  3.98194E-02 -0.22199      4.83637E-02  4.61156E-02  0.13862      0.27709     -7.45313E-02  1.40801E-02 
-0.14280     -6.55370E-02  0.11534      0.22792     -6.25039E-02  0.11958      0.16667     -1.09695E-02 -6.78746E-02 -8.69216E-02 
 2.53619E-02 -1.86506E-04 -7.80926E-02  2.93730E-02  7.37457E-02 -1.31043E-02  7.06760E-02  0.10419     -1.64231E-02  0.11344     
 1.02110E-02 -4.93541E-02 -7.44570E-02 -0.12484     -0.10187     -0.10461      7.90728E-02 -0.20968      1.14706E-02  2.22565E-02 
-5.30428E-03  9.81657E-02 -0.28771     -2.07862E-02 -2.59774E-02 -3.01089E-02  4.39253E-02 -6.64054E-03 -2.23536E-02  0.11041     
 -1.1339      -1.0060       1.2318      0.19505      0.79850      2.04781E-02   1.5076     -0.60294      9.62516E-02  0.14650     
 6.29122E-03  1.00746E-02 -1.30563E-02  1.20674E-02  0.11688     -2.62422E-02  0.12191      0.17334     -8.21210E-02  7.29643E-02 
-0.18426     -1.64692E-02  3.06650E-02  0.10238     -0.20919     -2.13428E-02 -0.16216     -0.16752     -7.79640E-02 -7.61716E-02 
 0.14906     -8.57173E-02 -0.15790      0.10942     -0.19537     -0.17821      0.21781     -7.38816E-02 -9.05787E-02  0.18337     
 3.53906E-02 -0.14341     -4.95165E-02  6.41976E-02 -4.50209E-02 -8.27030E-02  0.21981      7.12787E-02  0.20538      0.22313     
 0.18425     -7.36827E-02  8.82342E-02 -6.31805E-02 -0.11055      0.13845     -0.12849      9.47343E-02 -0.11263      4.61212E-02 
 2.76861E-02 -0.16753      1.77871E-02 -2.09738E-02  3.30312E-02  8.83745E-02 -5.35621E-02  3.57985E-02 -0.11210     -1.56617E-02 
 5.32465E-03 -2.43289E-02  0.15384     -0.10356      2.06865E-02 -9.74149E-02 -3.97693E-02 -7.69014E-04  4.89984E-02  0.11113     
 -1.1800     -0.96739      0.97197      0.89542      -2.0076      0.84447     -0.65178      0.66950      0.18728      0.18057     
-8.89783E-02 -2.54740E-02  4.92963E-02  0.25931     -1.89082E-02  9.37836E-02 -4.08136E-02 -0.20041     -4.62205E-02 -3.11531E-02 
-0.12830     -8.20209E-02  0.14726      8.03573E-02  7.54330E-02  8.17633E-02 -6.76759E-02  0.10368      3.64345E-02  0.24940     
-0.11473      0.11942     -0.13535     -5.59841E-02 -6.94121E-02  0.17597      8.29540E-02 -3.59462E-02  0.11043     -3.99700E-02 
-9.46483E-02  0.12812     -7.76975E-02 -9.86550E-02  5.74393E-02 -7.34267E-02  0.22931     -0.13584      0.20587     -4.07394E-02 
 3.36246E-02  0.11048     -2.37581E-03 -0.16958     -6.20239E-02 -0.16774     -8.92917E-02 -4.81965E-02 -6.26594E-02 -2.17972E-02 
-4.61306E-02 -8.61879E-02 -0.10045      6.03602E-02 -0.15823      1.41913E-02  5.21279E-02 -7.72309E-02  0.15196      0.11799     
 0.12422     -3.79652E-02 -3.50344E-02  6.87275E-02 -7.57693E-02  0.14161      9.20710E-02  0.12544      5.44721E-03  0.11027     
-0.99729      -1.0545      0.95386       2.4872     -0.38463      -1.5919     -0.74754       1.0198      0.12141     -0.17786     
-6.04986E-02 -0.14747     -0.19650      0.12129     -3.79966E-02 -8.24448E-02  6.79291E-02  7.49188E-02  5.39217E-02  3.26659E-02 
-5.94256E-02  7.87713E-02 -0.15965     -9.26526E-02  4.54539E-02  1.22754E-02  9.30529E-02  3.92129E-02 -2.47896E-02  4.44593E-02 
 0.14673      2.57137E-02 -2.96473E-02  1.37303E-02  2.45549E-02 -1.12969E-02 -0.24203     -1.49045E-02 -1.94520E-02 -2.92158E-02 
-2.14079E-02 -0.10767      2.40000E-02  0.29829      3.66982E-02 -0.13482     -0.12369     -3.58819E-03 -9.43038E-02 -2.42018E-02 
-1.25441E-02  4.71660E-02  0.11976     -0.21899      0.12815      5.47809E-02 -0.10210     -2.67627E-03  9.52590E-02  1.98480E-02 
-5.59006E-03 -0.13780     -0.18047     -7.73238E-03  0.10739      0.16737      0.13609      0.15489      0.13791      8.21145E-02 
 7.39536E-02 -9.50910E-02 -0.19362     -0.19369      1.67491E-02 -5.70778E-02 -1.98359E-02 -0.10502      0.12662      0.11148     
 -1.1034      -1.0317      0.63972      0.14378     -0.32143     -7.10313E-02  0.36671      -1.7277     -2.23000E-02 -5.84534E-02 
 6.89014E-02  6.71284E-02  4.64447E-03 -0.12591     -0.14815     -0.23774     -0.10138      0.15847     -0.10307     -0.13580     
 6.25703E-02  0.11626      6.98198E-02  1.74209E-02  0.10152     -4.29398E-02  6.89234E-02 -0.11980      0.11704      3.54322E-02 
-6.84250E-02  0.12812     -0.12805     -7.02111E-02  1.42584E-02 -7.00771E-02  0.15430     -6.80503E-02 -6.76402E-02  6.92638E-02 
 2.32988E-02  1.29738E-02  4.45193E-02 -0.10889      0.11090     -0.13217     -7.65748E-02 -5.22026E-02  0.18431     -2.21654E-02 
-0.29755     -4.97089E-02 -0.32469     -0.13929     -2.98877E-02  4.76119E-02  4.39101E-02 -0.16523     -6.08805E-02 -4.47986E-02 
-5.06597E-02  0.16708     -7.02159E-02  7.29260E-02 -5.89575E-02  7.10774E-02  6.34648E-02  0.10561      0.15738     -0.28930     
-0.16329     -8.73007E-02 -2.03634E-02 -0.15658     -3.63666E-02 -9.63204E-02 -2.82901E-02  4.72025E-02  3.57567E-02  0.11103     
 -1.1433      -1.0627       1.0213     -0.69011      3.03893E-02 -0.15608     -0.21560      -1.9498     -0.10247     -2.57243E-02 
-0.15719      2.56853E-02 -6.39088E-02  2.06875E-02 -0.12025      0.10700     -2.16991E-02  8.02888E-03 -7.58543E-02  3.02735E-02 
 2.11604E-02 -0.24429     -4.29392E-02 -2.63409E-02  5.90143E-02  0.13792      6.64157E-02  0.39585      3.23582E-02 -9.14594E-02 
-7.65679E-02 -0.17899     -0.12613      6.40291E-02 -0.15121      0.11371     -1.96633E-02 -5.59049E-02 -0.14969     -2.76317E-02 
 0.10656     -5.54541E-02  4.18091E-02  0.13581      0.18165     -2.21335E-02  6.29267E-02 -0.16424     -0.15452     -6.08253E-03 
-0.10276     -0.15137     -2.56016E-02  6.26084E-02 -9.20749E-02  4.48470E-02 -8.10307E-02  0.12326     -7.48292E-02 -0.25494     
 1.29087E-03  9.34383E-02 -1.59945E-02 -5.29092E-02  2.70900E-02 -0.11525      8.14007E-02  0.23694     -0.16085      8.29192E-02 
-8.33488E-02 -1.45554E-02  9.43128E-02  3.46742E-02  0.12943      5.76278E-02 -6.86017E-03  3.82523E-02 -0.13467      0.11031     
