 ;bat/dat   27-JAN-2004 AT 12:34:23   PIX453/PIX453doc.dat
    1 2  1.0000      4.0000    
    2 2  2.0000      5.0000    
    3 2  3.0000      4.0000    
    4 2  4.0000      5.0000    
    5 2  5.0000      1.0000    
    6 2  6.0000      1.0000    
    7 2  7.0000      5.0000    
    8 2  8.0000      4.0000    
    9 2  9.0000      2.0000    
   10 2  10.000      5.0000    
   11 2  11.000      7.0000    
   12 2  12.000      2.0000    
   13 2  13.000      5.0000    
   14 2  14.000      1.0000    
   15 2  15.000      5.0000    
   16 2  16.000      4.0000    
   17 2  17.000      2.0000    
   18 2  18.000      1.0000    
   19 2  19.000      4.0000    
   20 2  20.000      1.0000    
   21 2  21.000      5.0000    
   22 2  22.000      5.0000    
   23 2  23.000      1.0000    
   24 2  24.000      2.0000    
   25 2  25.000      1.0000    
   26 2  26.000      2.0000    
   27 2  27.000      5.0000    
   28 2  28.000      3.0000    
   29 2  29.000      5.0000    
   30 2  30.000      2.0000    
   31 2  31.000      2.0000    
   32 2  32.000      4.0000    
   33 2  33.000      4.0000    
   34 2  34.000      5.0000    
   35 2  35.000      4.0000    
   36 2  36.000      2.0000    
   37 2  37.000      2.0000    
   38 2  38.000      5.0000    
   39 2  39.000      1.0000    
   40 2  40.000      4.0000    
   41 2  41.000      4.0000    
   42 2  42.000      1.0000    
   43 2  43.000      1.0000    
   44 2  44.000      1.0000    
   45 2  45.000      7.0000    
   46 2  46.000      5.0000    
   47 2  47.000      5.0000    
   48 2  48.000      5.0000    
   49 2  49.000      4.0000    
   50 2  50.000      5.0000    
   51 2  51.000      1.0000    
   52 2  52.000      5.0000    
   53 2  53.000      2.0000    
   54 2  54.000      5.0000    
   55 2  55.000      4.0000    
   56 2  56.000      1.0000    
   57 2  57.000      5.0000    
   58 2  58.000      5.0000    
   59 2  59.000      5.0000    
   60 2  60.000      2.0000    
   61 2  61.000      4.0000    
   62 2  62.000      8.0000    
   63 2  63.000      2.0000    
   64 2  64.000      2.0000    
   65 2  65.000      7.0000    
   66 2  66.000      7.0000    
   67 2  67.000      1.0000    
   68 2  68.000      1.0000    
   69 2  69.000      1.0000    
   70 2  70.000      2.0000    
   71 2  71.000      1.0000    
   72 2  72.000      1.0000    
   73 2  73.000      4.0000    
   74 2  74.000      1.0000    
   75 2  75.000      1.0000    
   76 2  76.000      2.0000    
   77 2  77.000      5.0000    
   78 2  78.000      2.0000    
   79 2  79.000      2.0000    
   80 2  80.000      1.0000    
   81 2  81.000      7.0000    
   82 2  82.000      4.0000    
   83 2  83.000      8.0000    
   84 2  84.000      2.0000    
   85 2  85.000      5.0000    
   86 2  86.000      1.0000    
   87 2  87.000      5.0000    
   88 2  88.000      1.0000    
   89 2  89.000      1.0000    
   90 2  90.000      2.0000    
   91 2  91.000      1.0000    
   92 2  92.000      4.0000    
   93 2  93.000      7.0000    
   94 2  94.000      4.0000    
   95 2  95.000      8.0000    
   96 2  96.000      5.0000    
   97 2  97.000      1.0000    
   98 2  98.000      1.0000    
   99 2  99.000      4.0000    
  100 2  100.00      1.0000    
  101 2  101.00      2.0000    
  102 2  102.00      1.0000    
  103 2  103.00      2.0000    
  104 2  104.00      2.0000    
  105 2  105.00      1.0000    
  106 2  106.00      5.0000    
  107 2  107.00      5.0000    
  108 2  108.00      2.0000    
  109 2  109.00      5.0000    
  110 2  110.00      2.0000    
  111 2  111.00      1.0000    
  112 2  112.00      1.0000    
  113 2  113.00      4.0000    
  114 2  114.00      2.0000    
  115 2  115.00      5.0000    
  116 2  116.00      4.0000    
  117 2  117.00      1.0000    
  118 2  118.00      1.0000    
  119 2  119.00      5.0000    
  120 2  120.00      2.0000    
  121 2  121.00      2.0000    
  122 2  122.00      8.0000    
  123 2  123.00      2.0000    
  124 2  124.00      4.0000    
  125 2  125.00      4.0000    
  126 2  126.00      1.0000    
  127 2  127.00      1.0000    
  128 2  128.00      2.0000    
  129 2  129.00      1.0000    
  130 2  130.00      2.0000    
  131 2  131.00      5.0000    
  132 2  132.00      5.0000    
  133 2  133.00      7.0000    
  134 2  134.00      7.0000    
  135 2  135.00      4.0000    
  136 2  136.00      5.0000    
  137 2  137.00      2.0000    
  138 2  138.00      2.0000    
  139 2  139.00      3.0000    
  140 2  140.00      6.0000    
  141 2  141.00      5.0000    
  142 2  142.00      4.0000    
  143 2  143.00      8.0000    
  144 2  144.00      5.0000    
  145 2  145.00      5.0000    
  146 2  146.00      2.0000    
  147 2  147.00      4.0000    
  148 2  148.00      5.0000    
  149 2  149.00      2.0000    
  150 2  150.00      4.0000    
  151 2  151.00      2.0000    
  152 2  152.00      1.0000    
  153 2  153.00      5.0000    
  154 2  154.00      1.0000    
  155 2  155.00      4.0000    
  156 2  156.00      5.0000    
  157 2  157.00      2.0000    
  158 2  158.00      5.0000    
  159 2  159.00      2.0000    
  160 2  160.00      3.0000    
  161 2  161.00      4.0000    
  162 2  162.00      7.0000    
  163 2  163.00      5.0000    
  164 2  164.00      4.0000    
  165 2  165.00      5.0000    
  166 2  166.00      5.0000    
  167 2  167.00      7.0000    
  168 2  168.00      7.0000    
  169 2  169.00      5.0000    
  170 2  170.00      4.0000    
  171 2  171.00      2.0000    
  172 2  172.00      4.0000    
  173 2  173.00      1.0000    
  174 2  174.00      5.0000    
  175 2  175.00      6.0000    
  176 2  176.00      5.0000    
  177 2  177.00      5.0000    
  178 2  178.00      4.0000    
  179 2  179.00      2.0000    
  180 2  180.00      4.0000    
  181 2  181.00      5.0000    
  182 2  182.00      3.0000    
  183 2  183.00      6.0000    
  184 2  184.00      2.0000    
  185 2  185.00      1.0000    
  186 2  186.00      7.0000    
  187 2  187.00      1.0000    
  188 2  188.00      5.0000    
  189 2  189.00      2.0000    
  190 2  190.00      1.0000    
  191 2  191.00      5.0000    
  192 2  192.00      5.0000    
  193 2  193.00      4.0000    
  194 2  194.00      3.0000    
  195 2  195.00      2.0000    
  196 2  196.00      1.0000    
  197 2  197.00      4.0000    
  198 2  198.00      4.0000    
  199 2  199.00      2.0000    
  200 2  200.00      5.0000    
  201 2  201.00      5.0000    
  202 2  202.00      2.0000    
  203 2  203.00      1.0000    
  204 2  204.00      1.0000    
  205 2  205.00      4.0000    
  206 2  206.00      5.0000    
  207 2  207.00      2.0000    
  208 2  208.00      5.0000    
  209 2  209.00      1.0000    
  210 2  210.00      4.0000    
  211 2  211.00      5.0000    
  212 2  212.00      1.0000    
  213 2  213.00      5.0000    
  214 2  214.00      2.0000    
  215 2  215.00      7.0000    
  216 2  216.00      2.0000    
  217 2  217.00      2.0000    
  218 2  218.00      4.0000    
  219 2  219.00      4.0000    
  220 2  220.00      1.0000    
  221 2  221.00      2.0000    
  222 2  222.00      1.0000    
  223 2  223.00      3.0000    
  224 2  224.00      1.0000    
  225 2  225.00      5.0000    
  226 2  226.00      1.0000    
  227 2  227.00      5.0000    
  228 2  228.00      2.0000    
  229 2  229.00      4.0000    
  230 2  230.00      4.0000    
  231 2  231.00      5.0000    
  232 2  232.00      1.0000    
  233 2  233.00      1.0000    
  234 2  234.00      2.0000    
  235 2  235.00      2.0000    
  236 2  236.00      1.0000    
  237 2  237.00      1.0000    
  238 2  238.00      2.0000    
  239 2  239.00      2.0000    
  240 2  240.00      2.0000    
  241 2  241.00      8.0000    
  242 2  242.00      2.0000    
  243 2  243.00      5.0000    
  244 2  244.00      2.0000    
  245 2  245.00      5.0000    
  246 2  246.00      1.0000    
  247 2  247.00      2.0000    
  248 2  248.00      2.0000    
  249 2  249.00      5.0000    
  250 2  250.00      4.0000    
  251 2  251.00      1.0000    
  252 2  252.00      1.0000    
  253 2  253.00      4.0000    
  254 2  254.00      5.0000    
  255 2  255.00      5.0000    
  256 2  256.00      1.0000    
  257 2  257.00      2.0000    
  258 2  258.00      1.0000    
  259 2  259.00      2.0000    
  260 2  260.00      4.0000    
  261 2  261.00      5.0000    
  262 2  262.00      4.0000    
  263 2  263.00      2.0000    
  264 2  264.00      1.0000    
  265 2  265.00      6.0000    
  266 2  266.00      2.0000    
  267 2  267.00      4.0000    
  268 2  268.00      5.0000    
  269 2  269.00      5.0000    
  270 2  270.00      2.0000    
  271 2  271.00      1.0000    
  272 2  272.00      1.0000    
  273 2  273.00      2.0000    
  274 2  274.00      2.0000    
  275 2  275.00      1.0000    
  276 2  276.00      1.0000    
  277 2  277.00      2.0000    
  278 2  278.00      2.0000    
  279 2  279.00      1.0000    
  280 2  280.00      5.0000    
  281 2  281.00      4.0000    
  282 2  282.00      5.0000    
  283 2  283.00      4.0000    
  284 2  284.00      5.0000    
  285 2  285.00      2.0000    
  286 2  286.00      1.0000    
  287 2  287.00      7.0000    
  288 2  288.00      2.0000    
  289 2  289.00      1.0000    
  290 2  290.00      2.0000    
  291 2  291.00      2.0000    
  292 2  292.00      1.0000    
  293 2  293.00      1.0000    
  294 2  294.00      1.0000    
  295 2  295.00      4.0000    
  296 2  296.00      5.0000    
  297 2  297.00      5.0000    
  298 2  298.00      4.0000    
  299 2  299.00      5.0000    
  300 2  300.00      4.0000    
  301 2  301.00      7.0000    
  302 2  302.00      2.0000    
  303 2  303.00      5.0000    
  304 2  304.00      2.0000    
  305 2  305.00      7.0000    
  306 2  306.00      5.0000    
  307 2  307.00      2.0000    
  308 2  308.00      1.0000    
  309 2  309.00      1.0000    
  310 2  310.00      4.0000    
  311 2  311.00      2.0000    
  312 2  312.00      1.0000    
  313 2  313.00      2.0000    
  314 2  314.00      2.0000    
  315 2  315.00      4.0000    
  316 2  316.00      1.0000    
  317 2  317.00      5.0000    
  318 2  318.00      4.0000    
  319 2  319.00      2.0000    
  320 2  320.00      1.0000    
  321 2  321.00      1.0000    
  322 2  322.00      1.0000    
  323 2  323.00      8.0000    
  324 2  324.00      7.0000    
  325 2  325.00      1.0000    
  326 2  326.00      5.0000    
  327 2  327.00      1.0000    
  328 2  328.00      7.0000    
  329 2  329.00      5.0000    
  330 2  330.00      4.0000    
  331 2  331.00      4.0000    
  332 2  332.00      1.0000    
  333 2  333.00      7.0000    
  334 2  334.00      1.0000    
  335 2  335.00      5.0000    
  336 2  336.00      5.0000    
  337 2  337.00      1.0000    
  338 2  338.00      2.0000    
  339 2  339.00      7.0000    
  340 2  340.00      4.0000    
  341 2  341.00      1.0000    
  342 2  342.00      4.0000    
  343 2  343.00      7.0000    
  344 2  344.00      1.0000    
  345 2  345.00      5.0000    
  346 2  346.00      5.0000    
  347 2  347.00      2.0000    
  348 2  348.00      4.0000    
  349 2  349.00      4.0000    
  350 2  350.00      4.0000    
  351 2  351.00      4.0000    
  352 2  352.00      5.0000    
  353 2  353.00      4.0000    
  354 2  354.00      5.0000    
  355 2  355.00      4.0000    
  356 2  356.00      5.0000    
  357 2  357.00      1.0000    
  358 2  358.00      2.0000    
  359 2  359.00      5.0000    
  360 2  360.00      4.0000    
  361 2  361.00      2.0000    
  362 2  362.00      6.0000    
  363 2  363.00      1.0000    
  364 2  364.00      2.0000    
  365 2  365.00      6.0000    
  366 2  366.00      2.0000    
  367 2  367.00      8.0000    
  368 2  368.00      1.0000    
  369 2  369.00      2.0000    
  370 2  370.00      4.0000    
  371 2  371.00      5.0000    
  372 2  372.00      2.0000    
  373 2  373.00      5.0000    
  374 2  374.00      5.0000    
  375 2  375.00      4.0000    
  376 2  376.00      2.0000    
  377 2  377.00      7.0000    
  378 2  378.00      1.0000    
  379 2  379.00      4.0000    
  380 2  380.00      5.0000    
  381 2  381.00      2.0000    
  382 2  382.00      5.0000    
  383 2  383.00      7.0000    
  384 2  384.00      5.0000    
  385 2  385.00      5.0000    
  386 2  386.00      1.0000    
  387 2  387.00      1.0000    
  388 2  388.00      2.0000    
  389 2  389.00      1.0000    
  390 2  390.00      1.0000    
  391 2  391.00      4.0000    
  392 2  392.00      4.0000    
  393 2  393.00      2.0000    
  394 2  394.00      2.0000    
  395 2  395.00      1.0000    
  396 2  396.00      2.0000    
  397 2  397.00      2.0000    
  398 2  398.00      1.0000    
  399 2  399.00      4.0000    
  400 2  400.00      1.0000    
  401 2  401.00      4.0000    
  402 2  402.00      5.0000    
  403 2  403.00      4.0000    
  404 2  404.00      1.0000    
  405 2  405.00      4.0000    
  406 2  406.00      2.0000    
  407 2  407.00      2.0000    
  408 2  408.00      1.0000    
  409 2  409.00      4.0000    
  410 2  410.00      2.0000    
  411 2  411.00      6.0000    
  412 2  412.00      6.0000    
  413 2  413.00      2.0000    
  414 2  414.00      5.0000    
  415 2  415.00      4.0000    
  416 2  416.00      3.0000    
  417 2  417.00      4.0000    
  418 2  418.00      1.0000    
  419 2  419.00      1.0000    
  420 2  420.00      4.0000    
  421 2  421.00      1.0000    
  422 2  422.00      2.0000    
  423 2  423.00      2.0000    
  424 2  424.00      1.0000    
  425 2  425.00      7.0000    
  426 2  426.00      2.0000    
  427 2  427.00      5.0000    
  428 2  428.00      4.0000    
  429 2  429.00      2.0000    
  430 2  430.00      4.0000    
  431 2  431.00      5.0000    
  432 2  432.00      8.0000    
  433 2  433.00      4.0000    
  434 2  434.00      4.0000    
  435 2  435.00      4.0000    
  436 2  436.00      5.0000    
  437 2  437.00      4.0000    
  438 2  438.00      8.0000    
  439 2  439.00      2.0000    
  440 2  440.00      1.0000    
  441 2  441.00      2.0000    
  442 2  442.00      1.0000    
  443 2  443.00      5.0000    
  444 2  444.00      6.0000    
  445 2  445.00      1.0000    
  446 2  446.00      1.0000    
  447 2  447.00      7.0000    
  448 2  448.00      5.0000    
  449 2  449.00      4.0000    
  450 2  450.00      5.0000    
  451 2  451.00      2.0000    
  452 2  452.00      2.0000    
  453 2  453.00      5.0000    
  454 2  454.00      2.0000    
  455 2  455.00      5.0000    
  456 2  456.00      1.0000    
  457 2  457.00      4.0000    
  458 2  458.00      2.0000    
  459 2  459.00      4.0000    
  460 2  460.00      1.0000    
  461 2  461.00      2.0000    
  462 2  462.00      1.0000    
  463 2  463.00      6.0000    
  464 2  464.00      6.0000    
  465 2  465.00      8.0000    
  466 2  466.00      5.0000    
  467 2  467.00      8.0000    
  468 2  468.00      1.0000    
  469 2  469.00      4.0000    
  470 2  470.00      1.0000    
  471 2  471.00      7.0000    
  472 2  472.00      1.0000    
  473 2  473.00      5.0000    
  474 2  474.00      1.0000    
  475 2  475.00      3.0000    
  476 2  476.00      2.0000    
  477 2  477.00      4.0000    
  478 2  478.00      2.0000    
  479 2  479.00      5.0000    
  480 2  480.00      4.0000    
  481 2  481.00      1.0000    
  482 2  482.00      5.0000    
  483 2  483.00      1.0000    
  484 2  484.00      7.0000    
  485 2  485.00      5.0000    
  486 2  486.00      5.0000    
  487 2  487.00      2.0000    
  488 2  488.00      1.0000    
  489 2  489.00      1.0000    
  490 2  490.00      5.0000    
  491 2  491.00      2.0000    
  492 2  492.00      7.0000    
  493 2  493.00      6.0000    
  494 2  494.00      4.0000    
  495 2  495.00      2.0000    
  496 2  496.00      5.0000    
  497 2  497.00      5.0000    
  498 2  498.00      2.0000    
  499 2  499.00      2.0000    
  500 2  500.00      5.0000    
  501 2  501.00      1.0000    
  502 2  502.00      5.0000    
  503 2  503.00      2.0000    
  504 2  504.00      2.0000    
  505 2  505.00      2.0000    
  506 2  506.00      2.0000    
  507 2  507.00      5.0000    
  508 2  508.00      4.0000    
  509 2  509.00      2.0000    
  510 2  510.00      5.0000    
  511 2  511.00      7.0000    
  512 2  512.00      2.0000    
  513 2  513.00      2.0000    
  514 2  514.00      2.0000    
  515 2  515.00      2.0000    
  516 2  516.00      6.0000    
  517 2  517.00      6.0000    
  518 2  518.00      4.0000    
  519 2  519.00      4.0000    
  520 2  520.00      4.0000    
  521 2  521.00      8.0000    
  522 2  522.00      2.0000    
  523 2  523.00      2.0000    
  524 2  524.00      3.0000    
  525 2  525.00      5.0000    
  526 2  526.00      5.0000    
  527 2  527.00      4.0000    
  528 2  528.00      5.0000    
  529 2  529.00      5.0000    
  530 2  530.00      5.0000    
  531 2  531.00      2.0000    
  532 2  532.00      4.0000    
  533 2  533.00      2.0000    
  534 2  534.00      7.0000    
  535 2  535.00      2.0000    
  536 2  536.00      2.0000    
  537 2  537.00      4.0000    
  538 2  538.00      1.0000    
  539 2  539.00      5.0000    
  540 2  540.00      4.0000    
  541 2  541.00      4.0000    
  542 2  542.00      4.0000    
  543 2  543.00      1.0000    
  544 2  544.00      6.0000    
  545 2  545.00      2.0000    
  546 2  546.00      5.0000    
  547 2  547.00      1.0000    
  548 2  548.00      1.0000    
  549 2  549.00      1.0000    
  550 2  550.00      5.0000    
  551 2  551.00      5.0000    
  552 2  552.00      4.0000    
  553 2  553.00      4.0000    
  554 2  554.00      4.0000    
  555 2  555.00      1.0000    
  556 2  556.00      4.0000    
  557 2  557.00      1.0000    
  558 2  558.00      2.0000    
  559 2  559.00      5.0000    
  560 2  560.00      1.0000    
  561 2  561.00      5.0000    
  562 2  562.00      2.0000    
  563 2  563.00      5.0000    
  564 2  564.00      7.0000    
  565 2  565.00      2.0000    
  566 2  566.00      2.0000    
  567 2  567.00      5.0000    
  568 2  568.00      2.0000    
  569 2  569.00      6.0000    
  570 2  570.00      6.0000    
  571 2  571.00      1.0000    
  572 2  572.00      4.0000    
  573 2  573.00      2.0000    
  574 2  574.00      1.0000    
  575 2  575.00      2.0000    
  576 2  576.00      1.0000    
  577 2  577.00      4.0000    
  578 2  578.00      5.0000    
  579 2  579.00      6.0000    
  580 2  580.00      2.0000    
  581 2  581.00      4.0000    
  582 2  582.00      1.0000    
  583 2  583.00      7.0000    
  584 2  584.00      8.0000    
  585 2  585.00      4.0000    
  586 2  586.00      5.0000    
  587 2  587.00      2.0000    
  588 2  588.00      7.0000    
  589 2  589.00      6.0000    
  590 2  590.00      2.0000    
  591 2  591.00      1.0000    
  592 2  592.00      2.0000    
  593 2  593.00      2.0000    
  594 2  594.00      5.0000    
  595 2  595.00      1.0000    
  596 2  596.00      4.0000    
  597 2  597.00      6.0000    
  598 2  598.00      2.0000    
  599 2  599.00      5.0000    
  600 2  600.00      1.0000    
  601 2  601.00      2.0000    
  602 2  602.00      5.0000    
  603 2  603.00      2.0000    
  604 2  604.00      2.0000    
  605 2  605.00      2.0000    
  606 2  606.00      1.0000    
  607 2  607.00      2.0000    
  608 2  608.00      4.0000    
  609 2  609.00      1.0000    
  610 2  610.00      5.0000    
  611 2  611.00      1.0000    
  612 2  612.00      5.0000    
  613 2  613.00      4.0000    
  614 2  614.00      1.0000    
  615 2  615.00      2.0000    
  616 2  616.00      2.0000    
  617 2  617.00      1.0000    
  618 2  618.00      5.0000    
  619 2  619.00      1.0000    
  620 2  620.00      2.0000    
  621 2  621.00      5.0000    
  622 2  622.00      5.0000    
  623 2  623.00      6.0000    
  624 2  624.00      6.0000    
  625 2  625.00      6.0000    
  626 2  626.00      1.0000    
  627 2  627.00      1.0000    
  628 2  628.00      2.0000    
  629 2  629.00      1.0000    
  630 2  630.00      4.0000    
  631 2  631.00      5.0000    
  632 2  632.00      5.0000    
  633 2  633.00      1.0000    
  634 2  634.00      1.0000    
  635 2  635.00      1.0000    
  636 2  636.00      2.0000    
  637 2  637.00      5.0000    
  638 2  638.00      2.0000    
  639 2  639.00      4.0000    
  640 2  640.00      2.0000    
  641 2  641.00      5.0000    
  642 2  642.00      5.0000    
  643 2  643.00      2.0000    
  644 2  644.00      2.0000    
  645 2  645.00      7.0000    
  646 2  646.00      5.0000    
  647 2  647.00      5.0000    
  648 2  648.00      1.0000    
  649 2  649.00      5.0000    
  650 2  650.00      1.0000    
  651 2  651.00      6.0000    
  652 2  652.00      6.0000    
  653 2  653.00      4.0000    
  654 2  654.00      2.0000    
  655 2  655.00      4.0000    
  656 2  656.00      2.0000    
  657 2  657.00      2.0000    
  658 2  658.00      5.0000    
  659 2  659.00      2.0000    
  660 2  660.00      1.0000    
  661 2  661.00      1.0000    
  662 2  662.00      2.0000    
  663 2  663.00      5.0000    
  664 2  664.00      4.0000    
  665 2  665.00      5.0000    
  666 2  666.00      5.0000    
  667 2  667.00      1.0000    
  668 2  668.00      1.0000    
  669 2  669.00      2.0000    
  670 2  670.00      2.0000    
  671 2  671.00      5.0000    
  672 2  672.00      2.0000    
  673 2  673.00      1.0000    
  674 2  674.00      2.0000    
  675 2  675.00      2.0000    
  676 2  676.00      1.0000    
  677 2  677.00      3.0000    
  678 2  678.00      1.0000    
  679 2  679.00      2.0000    
  680 2  680.00      6.0000    
  681 2  681.00      6.0000    
  682 2  682.00      5.0000    
  683 2  683.00      1.0000    
  684 2  684.00      5.0000    
  685 2  685.00      1.0000    
  686 2  686.00      2.0000    
  687 2  687.00      4.0000    
  688 2  688.00      5.0000    
  689 2  689.00      3.0000    
  690 2  690.00      5.0000    
  691 2  691.00      8.0000    
  692 2  692.00      1.0000    
  693 2  693.00      4.0000    
  694 2  694.00      2.0000    
  695 2  695.00      8.0000    
  696 2  696.00      7.0000    
  697 2  697.00      1.0000    
  698 2  698.00      5.0000    
  699 2  699.00      2.0000    
  700 2  700.00      7.0000    
  701 2  701.00      1.0000    
  702 2  702.00      5.0000    
  703 2  703.00      7.0000    
  704 2  704.00      5.0000    
  705 2  705.00      5.0000    
  706 2  706.00      6.0000    
  707 2  707.00      6.0000    
  708 2  708.00      2.0000    
  709 2  709.00      5.0000    
  710 2  710.00      1.0000    
  711 2  711.00      4.0000    
  712 2  712.00      2.0000    
  713 2  713.00      4.0000    
  714 2  714.00      5.0000    
  715 2  715.00      2.0000    
  716 2  716.00      1.0000    
  717 2  717.00      2.0000    
  718 2  718.00      4.0000    
  719 2  719.00      2.0000    
  720 2  720.00      1.0000    
  721 2  721.00      1.0000    
  722 2  722.00      5.0000    
  723 2  723.00      4.0000    
  724 2  724.00      2.0000    
  725 2  725.00      1.0000    
  726 2  726.00      2.0000    
  727 2  727.00      1.0000    
  728 2  728.00      1.0000    
  729 2  729.00      1.0000    
  730 2  730.00      2.0000    
  731 2  731.00      2.0000    
  732 2  732.00      1.0000    
  733 2  733.00      5.0000    
  734 2  734.00      2.0000    
  735 2  735.00      5.0000    
  736 2  736.00      6.0000    
  737 2  737.00      6.0000    
  738 2  738.00      6.0000    
  739 2  739.00      2.0000    
  740 2  740.00      4.0000    
  741 2  741.00      4.0000    
  742 2  742.00      4.0000    
  743 2  743.00      1.0000    
  744 2  744.00      2.0000    
  745 2  745.00      2.0000    
  746 2  746.00      4.0000    
  747 2  747.00      2.0000    
  748 2  748.00      5.0000    
  749 2  749.00      4.0000    
  750 2  750.00      7.0000    
  751 2  751.00      3.0000    
  752 2  752.00      1.0000    
  753 2  753.00      4.0000    
  754 2  754.00      4.0000    
  755 2  755.00      4.0000    
  756 2  756.00      5.0000    
  757 2  757.00      4.0000    
  758 2  758.00      5.0000    
  759 2  759.00      2.0000    
  760 2  760.00      2.0000    
  761 2  761.00      2.0000    
  762 2  762.00      6.0000    
  763 2  763.00      6.0000    
  764 2  764.00      2.0000    
  765 2  765.00      4.0000    
  766 2  766.00      5.0000    
  767 2  767.00      1.0000    
  768 2  768.00      5.0000    
  769 2  769.00      4.0000    
  770 2  770.00      2.0000    
  771 2  771.00      2.0000    
  772 2  772.00      5.0000    
  773 2  773.00      5.0000    
  774 2  774.00      5.0000    
  775 2  775.00      5.0000    
  776 2  776.00      1.0000    
  777 2  777.00      5.0000    
  778 2  778.00      2.0000    
  779 2  779.00      4.0000    
  780 2  780.00      1.0000    
  781 2  781.00      1.0000    
  782 2  782.00      2.0000    
  783 2  783.00      2.0000    
  784 2  784.00      1.0000    
  785 2  785.00      2.0000    
  786 2  786.00      5.0000    
  787 2  787.00      5.0000    
  788 2  788.00      5.0000    
  789 2  789.00      4.0000    
  790 2  790.00      5.0000    
  791 2  791.00      5.0000    
  792 2  792.00      1.0000    
  793 2  793.00      5.0000    
  794 2  794.00      6.0000    
  795 2  795.00      6.0000    
  796 2  796.00      6.0000    
  797 2  797.00      7.0000    
  798 2  798.00      2.0000    
  799 2  799.00      1.0000    
  800 2  800.00      2.0000    
  801 2  801.00      5.0000    
  802 2  802.00      4.0000    
  803 2  803.00      2.0000    
  804 2  804.00      4.0000    
  805 2  805.00      3.0000    
  806 2  806.00      4.0000    
  807 2  807.00      1.0000    
  808 2  808.00      1.0000    
  809 2  809.00      4.0000    
  810 2  810.00      5.0000    
  811 2  811.00      4.0000    
  812 2  812.00      4.0000    
  813 2  813.00      7.0000    
  814 2  814.00      1.0000    
  815 2  815.00      2.0000    
  816 2  816.00      6.0000    
  817 2  817.00      4.0000    
  818 2  818.00      7.0000    
  819 2  819.00      6.0000    
  820 2  820.00      6.0000    
  821 2  821.00      2.0000    
  822 2  822.00      2.0000    
  823 2  823.00      1.0000    
  824 2  824.00      1.0000    
  825 2  825.00      5.0000    
  826 2  826.00      1.0000    
  827 2  827.00      2.0000    
  828 2  828.00      1.0000    
  829 2  829.00      5.0000    
  830 2  830.00      4.0000    
  831 2  831.00      5.0000    
  832 2  832.00      1.0000    
  833 2  833.00      2.0000    
  834 2  834.00      1.0000    
  835 2  835.00      5.0000    
  836 2  836.00      2.0000    
  837 2  837.00      4.0000    
  838 2  838.00      4.0000    
  839 2  839.00      2.0000    
  840 2  840.00      2.0000    
  841 2  841.00      4.0000    
  842 2  842.00      4.0000    
  843 2  843.00      2.0000    
  844 2  844.00      2.0000    
  845 2  845.00      5.0000    
  846 2  846.00      1.0000    
  847 2  847.00      5.0000    
  848 2  848.00      1.0000    
  849 2  849.00      4.0000    
  850 2  850.00      1.0000    
  851 2  851.00      6.0000    
  852 2  852.00      2.0000    
  853 2  853.00      6.0000    
  854 2  854.00      2.0000    
  855 2  855.00      4.0000    
  856 2  856.00      2.0000    
  857 2  857.00      5.0000    
  858 2  858.00      2.0000    
  859 2  859.00      1.0000    
  860 2  860.00      2.0000    
  861 2  861.00      4.0000    
  862 2  862.00      2.0000    
  863 2  863.00      5.0000    
  864 2  864.00      1.0000    
  865 2  865.00      6.0000    
  866 2  866.00      2.0000    
  867 2  867.00      5.0000    
  868 2  868.00      5.0000    
  869 2  869.00      5.0000    
  870 2  870.00      5.0000    
  871 2  871.00      4.0000    
  872 2  872.00      1.0000    
  873 2  873.00      1.0000    
  874 2  874.00      6.0000    
  875 2  875.00      1.0000    
  876 2  876.00      6.0000    
  877 2  877.00      6.0000    
  878 2  878.00      2.0000    
  879 2  879.00      4.0000    
  880 2  880.00      5.0000    
  881 2  881.00      4.0000    
  882 2  882.00      4.0000    
  883 2  883.00      5.0000    
  884 2  884.00      2.0000    
  885 2  885.00      5.0000    
  886 2  886.00      1.0000    
  887 2  887.00      1.0000    
  888 2  888.00      4.0000    
  889 2  889.00      2.0000    
  890 2  890.00      2.0000    
  891 2  891.00      4.0000    
  892 2  892.00      5.0000    
  893 2  893.00      2.0000    
  894 2  894.00      2.0000    
  895 2  895.00      4.0000    
  896 2  896.00      2.0000    
  897 2  897.00      5.0000    
  898 2  898.00      1.0000    
  899 2  899.00      2.0000    
  900 2  900.00      1.0000    
  901 2  901.00      5.0000    
  902 2  902.00      2.0000    
  903 2  903.00      1.0000    
  904 2  904.00      5.0000    
  905 2  905.00      2.0000    
  906 2  906.00      5.0000    
  907 2  907.00      1.0000    
  908 2  908.00      1.0000    
  909 2  909.00      2.0000    
  910 2  910.00      6.0000    
  911 2  911.00      6.0000    
  912 2  912.00      6.0000    
  913 2  913.00      4.0000    
  914 2  914.00      4.0000    
  915 2  915.00      2.0000    
  916 2  916.00      5.0000    
  917 2  917.00      2.0000    
  918 2  918.00      1.0000    
  919 2  919.00      2.0000    
  920 2  920.00      8.0000    
  921 2  921.00      1.0000    
  922 2  922.00      2.0000    
  923 2  923.00      4.0000    
  924 2  924.00      4.0000    
  925 2  925.00      5.0000    
  926 2  926.00      5.0000    
  927 2  927.00      5.0000    
  928 2  928.00      2.0000    
  929 2  929.00      8.0000    
  930 2  930.00      2.0000    
  931 2  931.00      2.0000    
  932 2  932.00      5.0000    
  933 2  933.00      1.0000    
  934 2  934.00      2.0000    
  935 2  935.00      6.0000    
  936 2  936.00      6.0000    
  937 2  937.00      2.0000    
  938 2  938.00      2.0000    
  939 2  939.00      5.0000    
  940 2  940.00      5.0000    
  941 2  941.00      5.0000    
  942 2  942.00      5.0000    
  943 2  943.00      1.0000    
  944 2  944.00      5.0000    
  945 2  945.00      2.0000    
  946 2  946.00      1.0000    
  947 2  947.00      5.0000    
  948 2  948.00      5.0000    
  949 2  949.00      2.0000    
  950 2  950.00      1.0000    
  951 2  951.00      4.0000    
  952 2  952.00      5.0000    
  953 2  953.00      2.0000    
  954 2  954.00      2.0000    
  955 2  955.00      4.0000    
  956 2  956.00      5.0000    
  957 2  957.00      1.0000    
  958 2  958.00      5.0000    
  959 2  959.00      2.0000    
  960 2  960.00      2.0000    
  961 2  961.00      5.0000    
  962 2  962.00      4.0000    
  963 2  963.00      4.0000    
  964 2  964.00      5.0000    
  965 2  965.00      2.0000    
  966 2  966.00      1.0000    
  967 2  967.00      2.0000    
  968 2  968.00      2.0000    
  969 2  969.00      6.0000    
  970 2  970.00      6.0000    
  971 2  971.00      6.0000    
  972 2  972.00      4.0000    
  973 2  973.00      5.0000    
  974 2  974.00      1.0000    
  975 2  975.00      2.0000    
  976 2  976.00      5.0000    
  977 2  977.00      1.0000    
  978 2  978.00      4.0000    
  979 2  979.00      2.0000    
  980 2  980.00      6.0000    
  981 2  981.00      2.0000    
  982 2  982.00      1.0000    
  983 2  983.00      1.0000    
  984 2  984.00      5.0000    
  985 2  985.00      3.0000    
  986 2  986.00      5.0000    
  987 2  987.00      4.0000    
  988 2  988.00      2.0000    
  989 2  989.00      7.0000    
  990 2  990.00      2.0000    
  991 2  991.00      1.0000    
  992 2  992.00      4.0000    
  993 2  993.00      6.0000    
  994 2  994.00      6.0000    
  995 2  995.00      4.0000    
  996 2  996.00      2.0000    
  997 2  997.00      1.0000    
  998 2  998.00      2.0000    
  999 2  999.00      4.0000    
 1000 2  1000.0      1.0000    
 1001 2  1001.0      4.0000    
 1002 2  1002.0      2.0000    
 1003 2  1003.0      1.0000    
 1004 2  1004.0      5.0000    
 1005 2  1005.0      5.0000    
 1006 2  1006.0      4.0000    
 1007 2  1007.0      4.0000    
 1008 2  1008.0      4.0000    
 1009 2  1009.0      1.0000    
 1010 2  1010.0      1.0000    
 1011 2  1011.0      1.0000    
 1012 2  1012.0      4.0000    
 1013 2  1013.0      1.0000    
 1014 2  1014.0      2.0000    
 1015 2  1015.0      1.0000    
 1016 2  1016.0      4.0000    
 1017 2  1017.0      7.0000    
 1018 2  1018.0      2.0000    
 1019 2  1019.0      4.0000    
 1020 2  1020.0      2.0000    
 1021 2  1021.0      5.0000    
 1022 2  1022.0      5.0000    
 1023 2  1023.0      4.0000    
 1024 2  1024.0      7.0000    
 1025 2  1025.0      2.0000    
 1026 2  1026.0      5.0000    
 1027 2  1027.0      1.0000    
 1028 2  1028.0      2.0000    
 1029 2  1029.0      6.0000    
 1030 2  1030.0      6.0000    
 1031 2  1031.0      6.0000    
 1032 2  1032.0      5.0000    
 1033 2  1033.0      2.0000    
 1034 2  1034.0      7.0000    
 1035 2  1035.0      4.0000    
 1036 2  1036.0      5.0000    
 1037 2  1037.0      3.0000    
 1038 2  1038.0      1.0000    
 1039 2  1039.0      2.0000    
 1040 2  1040.0      1.0000    
 1041 2  1041.0      3.0000    
 1042 2  1042.0      4.0000    
 1043 2  1043.0      4.0000    
 1044 2  1044.0      4.0000    
 1045 2  1045.0      5.0000    
 1046 2  1046.0      5.0000    
 1047 2  1047.0      1.0000    
 1048 2  1048.0      4.0000    
 1049 2  1049.0      4.0000    
 1050 2  1050.0      3.0000    
 1051 2  1051.0      2.0000    
 1052 2  1052.0      1.0000    
 1053 2  1053.0      6.0000    
 1054 2  1054.0      6.0000    
 1055 2  1055.0      1.0000    
 1056 2  1056.0      2.0000    
 1057 2  1057.0      1.0000    
 1058 2  1058.0      3.0000    
 1059 2  1059.0      3.0000    
 1060 2  1060.0      3.0000    
 1061 2  1061.0      3.0000    
 1062 2  1062.0      3.0000    
 1063 2  1063.0      5.0000    
 1064 2  1064.0      8.0000    
 1065 2  1065.0      8.0000    
 1066 2  1066.0      8.0000    
 1067 2  1067.0      8.0000    
 1068 2  1068.0      8.0000    
 1069 2  1069.0      1.0000    
 1070 2  1070.0      1.0000    
 1071 2  1071.0      5.0000    
 1072 2  1072.0      5.0000    
 1073 2  1073.0      1.0000    
 1074 2  1074.0      1.0000    
 1075 2  1075.0      1.0000    
 1076 2  1076.0      3.0000    
 1077 2  1077.0      3.0000    
 1078 2  1078.0      3.0000    
 1079 2  1079.0      3.0000    
 1080 2  1080.0      3.0000    
 1081 2  1081.0      5.0000    
 1082 2  1082.0      8.0000    
 1083 2  1083.0      8.0000    
 1084 2  1084.0      8.0000    
 1085 2  1085.0      8.0000    
 1086 2  1086.0      8.0000    
 1087 2  1087.0      2.0000    
 1088 2  1088.0      5.0000    
 1089 2  1089.0      6.0000    
 1090 2  1090.0      6.0000    
 1091 2  1091.0      6.0000    
 1092 2  1092.0      5.0000    
 1093 2  1093.0      2.0000    
 1094 2  1094.0      7.0000    
 1095 2  1095.0      2.0000    
 1096 2  1096.0      5.0000    
 1097 2  1097.0      4.0000    
 1098 2  1098.0      4.0000    
 1099 2  1099.0      5.0000    
 1100 2  1100.0      2.0000    
 1101 2  1101.0      5.0000    
 1102 2  1102.0      1.0000    
 1103 2  1103.0      4.0000    
 1104 2  1104.0      5.0000    
 1105 2  1105.0      4.0000    
 1106 2  1106.0      2.0000    
 1107 2  1107.0      1.0000    
 1108 2  1108.0      2.0000    
 1109 2  1109.0      5.0000    
 1110 2  1110.0      1.0000    
 1111 2  1111.0      1.0000    
 1112 2  1112.0      5.0000    
 1113 2  1113.0      6.0000    
 1114 2  1114.0      6.0000    
 1115 2  1115.0      4.0000    
 1116 2  1116.0      4.0000    
 1117 2  1117.0      4.0000    
 1118 2  1118.0      5.0000    
 1119 2  1119.0      3.0000    
 1120 2  1120.0      3.0000    
 1121 2  1121.0      3.0000    
 1122 2  1122.0      3.0000    
 1123 2  1123.0      3.0000    
 1124 2  1124.0      2.0000    
 1125 2  1125.0      8.0000    
 1126 2  1126.0      8.0000    
 1127 2  1127.0      8.0000    
 1128 2  1128.0      8.0000    
 1129 2  1129.0      8.0000    
 1130 2  1130.0      5.0000    
 1131 2  1131.0      5.0000    
 1132 2  1132.0      4.0000    
 1133 2  1133.0      1.0000    
 1134 2  1134.0      2.0000    
 1135 2  1135.0      5.0000    
 1136 2  1136.0      1.0000    
 1137 2  1137.0      3.0000    
 1138 2  1138.0      3.0000    
 1139 2  1139.0      3.0000    
 1140 2  1140.0      3.0000    
 1141 2  1141.0      3.0000    
 1142 2  1142.0      5.0000    
 1143 2  1143.0      8.0000    
 1144 2  1144.0      8.0000    
 1145 2  1145.0      8.0000    
 1146 2  1146.0      8.0000    
 1147 2  1147.0      8.0000    
 1148 2  1148.0      7.0000    
 1149 2  1149.0      4.0000    
 1150 2  1150.0      6.0000    
 1151 2  1151.0      6.0000    
 1152 2  1152.0      6.0000    
 1153 2  1153.0      6.0000    
 1154 2  1154.0      2.0000    
 1155 2  1155.0      2.0000    
 1156 2  1156.0      7.0000    
 1157 2  1157.0      2.0000    
 1158 2  1158.0      5.0000    
 1159 2  1159.0      5.0000    
 1160 2  1160.0      5.0000    
 1161 2  1161.0      2.0000    
 1162 2  1162.0      3.0000    
 1163 2  1163.0      1.0000    
 1164 2  1164.0      2.0000    
 1165 2  1165.0      2.0000    
 1166 2  1166.0      5.0000    
 1167 2  1167.0      5.0000    
 1168 2  1168.0      6.0000    
 1169 2  1169.0      6.0000    
 1170 2  1170.0      2.0000    
 1171 2  1171.0      2.0000    
 1172 2  1172.0      1.0000    
 1173 2  1173.0      1.0000    
 1174 2  1174.0      6.0000    
 1175 2  1175.0      6.0000    
 1176 2  1176.0      4.0000    
 1177 2  1177.0      1.0000    
 1178 2  1178.0      1.0000    
 1179 2  1179.0      2.0000    
 1180 2  1180.0      3.0000    
 1181 2  1181.0      3.0000    
 1182 2  1182.0      3.0000    
 1183 2  1183.0      3.0000    
 1184 2  1184.0      3.0000    
 1185 2  1185.0      5.0000    
 1186 2  1186.0      8.0000    
 1187 2  1187.0      8.0000    
 1188 2  1188.0      8.0000    
 1189 2  1189.0      8.0000    
 1190 2  1190.0      8.0000    
 1191 2  1191.0      5.0000    
 1192 2  1192.0      4.0000    
 1193 2  1193.0      2.0000    
 1194 2  1194.0      1.0000    
 1195 2  1195.0      2.0000    
 1196 2  1196.0      2.0000    
 1197 2  1197.0      5.0000    
 1198 2  1198.0      3.0000    
 1199 2  1199.0      3.0000    
 1200 2  1200.0      3.0000    
 1201 2  1201.0      3.0000    
 1202 2  1202.0      3.0000    
 1203 2  1203.0      1.0000    
 1204 2  1204.0      8.0000    
 1205 2  1205.0      8.0000    
 1206 2  1206.0      8.0000    
 1207 2  1207.0      8.0000    
 1208 2  1208.0      8.0000    
 1209 2  1209.0      4.0000    
 1210 2  1210.0      1.0000    
 1211 2  1211.0      2.0000    
 1212 2  1212.0      6.0000    
 1213 2  1213.0      6.0000    
 1214 2  1214.0      6.0000    
 1215 2  1215.0      1.0000    
 1216 2  1216.0      5.0000    
 1217 2  1217.0      5.0000    
 1218 2  1218.0      4.0000    
 1219 2  1219.0      2.0000    
 1220 2  1220.0      4.0000    
 1221 2  1221.0      5.0000    
 1222 2  1222.0      5.0000    
 1223 2  1223.0      1.0000    
 1224 2  1224.0      4.0000    
 1225 2  1225.0      4.0000    
 1226 2  1226.0      1.0000    
 1227 2  1227.0      1.0000    
 1228 2  1228.0      4.0000    
 1229 2  1229.0      5.0000    
 1230 2  1230.0      2.0000    
 1231 2  1231.0      4.0000    
 1232 2  1232.0      4.0000    
 1233 2  1233.0      1.0000    
 1234 2  1234.0      2.0000    
 1235 2  1235.0      6.0000    
 1236 2  1236.0      6.0000    
 1237 2  1237.0      2.0000    
 1238 2  1238.0      5.0000    
 1239 2  1239.0      2.0000    
 1240 2  1240.0      2.0000    
 1241 2  1241.0      3.0000    
 1242 2  1242.0      3.0000    
 1243 2  1243.0      3.0000    
 1244 2  1244.0      3.0000    
 1245 2  1245.0      3.0000    
 1246 2  1246.0      1.0000    
 1247 2  1247.0      8.0000    
 1248 2  1248.0      8.0000    
 1249 2  1249.0      8.0000    
 1250 2  1250.0      8.0000    
 1251 2  1251.0      8.0000    
 1252 2  1252.0      2.0000    
 1253 2  1253.0      2.0000    
 1254 2  1254.0      2.0000    
 1255 2  1255.0      5.0000    
 1256 2  1256.0      4.0000    
 1257 2  1257.0      1.0000    
 1258 2  1258.0      1.0000    
 1259 2  1259.0      3.0000    
 1260 2  1260.0      3.0000    
 1261 2  1261.0      3.0000    
 1262 2  1262.0      3.0000    
 1263 2  1263.0      3.0000    
 1264 2  1264.0      5.0000    
 1265 2  1265.0      8.0000    
 1266 2  1266.0      8.0000    
 1267 2  1267.0      8.0000    
 1268 2  1268.0      8.0000    
 1269 2  1269.0      8.0000    
 1270 2  1270.0      1.0000    
 1271 2  1271.0      1.0000    
 1272 2  1272.0      2.0000    
 1273 2  1273.0      6.0000    
 1274 2  1274.0      6.0000    
 1275 2  1275.0      6.0000    
 1276 2  1276.0      2.0000    
 1277 2  1277.0      5.0000    
 1278 2  1278.0      4.0000    
 1279 2  1279.0      4.0000    
 1280 2  1280.0      2.0000    
 1281 2  1281.0      5.0000    
 1282 2  1282.0      1.0000    
 1283 2  1283.0      1.0000    
 1284 2  1284.0      5.0000    
 1285 2  1285.0      1.0000    
 1286 2  1286.0      1.0000    
 1287 2  1287.0      8.0000    
 1288 2  1288.0      4.0000    
 1289 2  1289.0      5.0000    
 1290 2  1290.0      2.0000    
 1291 2  1291.0      1.0000    
 1292 2  1292.0      5.0000    
 1293 2  1293.0      1.0000    
 1294 2  1294.0      4.0000    
 1295 2  1295.0      4.0000    
 1296 2  1296.0      6.0000    
 1297 2  1297.0      6.0000    
 1298 2  1298.0      2.0000    
 1299 2  1299.0      4.0000    
 1300 2  1300.0      7.0000    
 1301 2  1301.0      2.0000    
 1302 2  1302.0      3.0000    
 1303 2  1303.0      3.0000    
 1304 2  1304.0      3.0000    
 1305 2  1305.0      3.0000    
 1306 2  1306.0      3.0000    
 1307 2  1307.0      2.0000    
 1308 2  1308.0      8.0000    
 1309 2  1309.0      8.0000    
 1310 2  1310.0      8.0000    
 1311 2  1311.0      8.0000    
 1312 2  1312.0      8.0000    
 1313 2  1313.0      2.0000    
 1314 2  1314.0      4.0000    
 1315 2  1315.0      2.0000    
 1316 2  1316.0      2.0000    
 1317 2  1317.0      5.0000    
 1318 2  1318.0      5.0000    
 1319 2  1319.0      4.0000    
 1320 2  1320.0      3.0000    
 1321 2  1321.0      3.0000    
 1322 2  1322.0      3.0000    
 1323 2  1323.0      3.0000    
 1324 2  1324.0      3.0000    
 1325 2  1325.0      5.0000    
 1326 2  1326.0      8.0000    
 1327 2  1327.0      8.0000    
 1328 2  1328.0      8.0000    
 1329 2  1329.0      8.0000    
 1330 2  1330.0      8.0000    
 1331 2  1331.0      1.0000    
 1332 2  1332.0      1.0000    
 1333 2  1333.0      6.0000    
 1334 2  1334.0      6.0000    
 1335 2  1335.0      6.0000    
 1336 2  1336.0      6.0000    
 1337 2  1337.0      4.0000    
 1338 2  1338.0      2.0000    
 1339 2  1339.0      5.0000    
 1340 2  1340.0      2.0000    
 1341 2  1341.0      2.0000    
 1342 2  1342.0      1.0000    
 1343 2  1343.0      1.0000    
 1344 2  1344.0      4.0000    
 1345 2  1345.0      2.0000    
 1346 2  1346.0      5.0000    
 1347 2  1347.0      4.0000    
 1348 2  1348.0      1.0000    
 1349 2  1349.0      2.0000    
 1350 2  1350.0      4.0000    
 1351 2  1351.0      5.0000    
 1352 2  1352.0      2.0000    
 1353 2  1353.0      5.0000    
 1354 2  1354.0      7.0000    
 1355 2  1355.0      2.0000    
 1356 2  1356.0      3.0000    
 1357 2  1357.0      6.0000    
 1358 2  1358.0      6.0000    
 1359 2  1359.0      2.0000    
 1360 2  1360.0      2.0000    
 1361 2  1361.0      2.0000    
 1362 2  1362.0      1.0000    
 1363 2  1363.0      3.0000    
 1364 2  1364.0      3.0000    
 1365 2  1365.0      3.0000    
 1366 2  1366.0      3.0000    
 1367 2  1367.0      3.0000    
 1368 2  1368.0      5.0000    
 1369 2  1369.0      8.0000    
 1370 2  1370.0      8.0000    
 1371 2  1371.0      8.0000    
 1372 2  1372.0      8.0000    
 1373 2  1373.0      8.0000    
 1374 2  1374.0      1.0000    
 1375 2  1375.0      5.0000    
 1376 2  1376.0      1.0000    
 1377 2  1377.0      5.0000    
 1378 2  1378.0      5.0000    
 1379 2  1379.0      4.0000    
 1380 2  1380.0      5.0000    
 1381 2  1381.0      3.0000    
 1382 2  1382.0      3.0000    
 1383 2  1383.0      3.0000    
 1384 2  1384.0      3.0000    
 1385 2  1385.0      3.0000    
 1386 2  1386.0      4.0000    
 1387 2  1387.0      8.0000    
 1388 2  1388.0      8.0000    
 1389 2  1389.0      8.0000    
 1390 2  1390.0      8.0000    
 1391 2  1391.0      8.0000    
 1392 2  1392.0      2.0000    
 1393 2  1393.0      2.0000    
 1394 2  1394.0      2.0000    
 1395 2  1395.0      6.0000    
 1396 2  1396.0      6.0000    
 1397 2  1397.0      6.0000    
 1398 2  1398.0      1.0000    
 1399 2  1399.0      5.0000    
 1400 2  1400.0      2.0000    
 1401 2  1401.0      8.0000    
 1402 2  1402.0      5.0000    
 1403 2  1403.0      2.0000    
 1404 2  1404.0      1.0000    
 1405 2  1405.0      1.0000    
 1406 2  1406.0      1.0000    
 1407 2  1407.0      1.0000    
 1408 2  1408.0      1.0000    
 1409 2  1409.0      2.0000    
 1410 2  1410.0      4.0000    
 1411 2  1411.0      5.0000    
 1412 2  1412.0      5.0000    
 1413 2  1413.0      4.0000    
 1414 2  1414.0      4.0000    
 1415 2  1415.0      4.0000    
 1416 2  1416.0      2.0000    
 1417 2  1417.0      2.0000    
 1418 2  1418.0      6.0000    
 1419 2  1419.0      6.0000    
 1420 2  1420.0      2.0000    
 1421 2  1421.0      5.0000    
 1422 2  1422.0      2.0000    
 1423 2  1423.0      1.0000    
 1424 2  1424.0      1.0000    
 1425 2  1425.0      3.0000    
 1426 2  1426.0      3.0000    
 1427 2  1427.0      3.0000    
 1428 2  1428.0      3.0000    
 1429 2  1429.0      1.0000    
 1430 2  1430.0      8.0000    
 1431 2  1431.0      8.0000    
 1432 2  1432.0      8.0000    
 1433 2  1433.0      8.0000    
 1434 2  1434.0      1.0000    
 1435 2  1435.0      1.0000    
 1436 2  1436.0      1.0000    
 1437 2  1437.0      1.0000    
 1438 2  1438.0      1.0000    
 1439 2  1439.0      2.0000    
 1440 2  1440.0      5.0000    
 1441 2  1441.0      2.0000    
 1442 2  1442.0      2.0000    
 1443 2  1443.0      3.0000    
 1444 2  1444.0      3.0000    
 1445 2  1445.0      3.0000    
 1446 2  1446.0      3.0000    
 1447 2  1447.0      2.0000    
 1448 2  1448.0      8.0000    
 1449 2  1449.0      8.0000    
 1450 2  1450.0      8.0000    
 1451 2  1451.0      8.0000    
 1452 2  1452.0      2.0000    
 1453 2  1453.0      2.0000    
 1454 2  1454.0      4.0000    
 1455 2  1455.0      2.0000    
 1456 2  1456.0      6.0000    
 1457 2  1457.0      6.0000    
 1458 2  1458.0      6.0000    
 1459 2  1459.0      1.0000    
 1460 2  1460.0      4.0000    
 1461 2  1461.0      1.0000    
 1462 2  1462.0      1.0000    
 1463 2  1463.0      4.0000    
 1464 2  1464.0      3.0000    
 1465 2  1465.0      5.0000    
 1466 2  1466.0      4.0000    
 1467 2  1467.0      1.0000    
 1468 2  1468.0      5.0000    
 1469 2  1469.0      2.0000    
 1470 2  1470.0      1.0000    
 1471 2  1471.0      1.0000    
 1472 2  1472.0      1.0000    
 1473 2  1473.0      1.0000    
 1474 2  1474.0      2.0000    
 1475 2  1475.0      1.0000    
 1476 2  1476.0      2.0000    
 1477 2  1477.0      2.0000    
 1478 2  1478.0      4.0000    
 1479 2  1479.0      6.0000    
 1480 2  1480.0      6.0000    
 1481 2  1481.0      2.0000    
 1482 2  1482.0      1.0000    
 1483 2  1483.0      1.0000    
 1484 2  1484.0      1.0000    
 1485 2  1485.0      5.0000    
 1486 2  1486.0      1.0000    
 1487 2  1487.0      5.0000    
 1488 2  1488.0      1.0000    
 1489 2  1489.0      1.0000    
 1490 2  1490.0      4.0000    
 1491 2  1491.0      1.0000    
 1492 2  1492.0      4.0000    
 1493 2  1493.0      4.0000    
 1494 2  1494.0      5.0000    
 1495 2  1495.0      5.0000    
 1496 2  1496.0      4.0000    
 1497 2  1497.0      1.0000    
 1498 2  1498.0      2.0000    
 1499 2  1499.0      1.0000    
 1500 2  1500.0      5.0000    
 1501 2  1501.0      5.0000    
 1502 2  1502.0      2.0000    
 1503 2  1503.0      1.0000    
 1504 2  1504.0      2.0000    
 1505 2  1505.0      2.0000    
 1506 2  1506.0      1.0000    
 1507 2  1507.0      4.0000    
 1508 2  1508.0      4.0000    
 1509 2  1509.0      5.0000    
 1510 2  1510.0      1.0000    
 1511 2  1511.0      5.0000    
 1512 2  1512.0      5.0000    
 1513 2  1513.0      5.0000    
 1514 2  1514.0      1.0000    
 1515 2  1515.0      1.0000    
 1516 2  1516.0      2.0000    
 1517 2  1517.0      6.0000    
 1518 2  1518.0      6.0000    
 1519 2  1519.0      6.0000    
 1520 2  1520.0      2.0000    
 1521 2  1521.0      2.0000    
 1522 2  1522.0      2.0000    
 1523 2  1523.0      2.0000    
 1524 2  1524.0      5.0000    
 1525 2  1525.0      2.0000    
 1526 2  1526.0      4.0000    
 1527 2  1527.0      4.0000    
 1528 2  1528.0      4.0000    
 1529 2  1529.0      1.0000    
 1530 2  1530.0      8.0000    
 1531 2  1531.0      2.0000    
 1532 2  1532.0      1.0000    
 1533 2  1533.0      2.0000    
 1534 2  1534.0      4.0000    
 1535 2  1535.0      5.0000    
 1536 2  1536.0      8.0000    
 1537 2  1537.0      5.0000    
 1538 2  1538.0      5.0000    
 1539 2  1539.0      2.0000    
 1540 2  1540.0      6.0000    
 1541 2  1541.0      6.0000    
 1542 2  1542.0      2.0000    
 1543 2  1543.0      2.0000    
 1544 2  1544.0      1.0000    
 1545 2  1545.0      1.0000    
 1546 2  1546.0      4.0000    
 1547 2  1547.0      1.0000    
 1548 2  1548.0      1.0000    
 1549 2  1549.0      1.0000    
 1550 2  1550.0      2.0000    
 1551 2  1551.0      4.0000    
 1552 2  1552.0      5.0000    
 1553 2  1553.0      2.0000    
 1554 2  1554.0      5.0000    
 1555 2  1555.0      2.0000    
 1556 2  1556.0      2.0000    
 1557 2  1557.0      1.0000    
 1558 2  1558.0      2.0000    
 1559 2  1559.0      1.0000    
 1560 2  1560.0      1.0000    
 1561 2  1561.0      4.0000    
 1562 2  1562.0      4.0000    
 1563 2  1563.0      5.0000    
 1564 2  1564.0      2.0000    
 1565 2  1565.0      5.0000    
 1566 2  1566.0      4.0000    
 1567 2  1567.0      4.0000    
 1568 2  1568.0      5.0000    
 1569 2  1569.0      1.0000    
 1570 2  1570.0      1.0000    
 1571 2  1571.0      1.0000    
 1572 2  1572.0      1.0000    
 1573 2  1573.0      5.0000    
 1574 2  1574.0      5.0000    
 1575 2  1575.0      5.0000    
 1576 2  1576.0      4.0000    
 1577 2  1577.0      4.0000    
 1578 2  1578.0      6.0000    
 1579 2  1579.0      6.0000    
 1580 2  1580.0      6.0000    
 1581 2  1581.0      7.0000    
 1582 2  1582.0      1.0000    
 1583 2  1583.0      1.0000    
 1584 2  1584.0      5.0000    
 1585 2  1585.0      2.0000    
 1586 2  1586.0      5.0000    
 1587 2  1587.0      1.0000    
 1588 2  1588.0      5.0000    
 1589 2  1589.0      5.0000    
 1590 2  1590.0      5.0000    
 1591 2  1591.0      7.0000    
 1592 2  1592.0      1.0000    
 1593 2  1593.0      8.0000    
 1594 2  1594.0      4.0000    
 1595 2  1595.0      2.0000    
 1596 2  1596.0      1.0000    
 1597 2  1597.0      1.0000    
 1598 2  1598.0      1.0000    
 1599 2  1599.0      4.0000    
 1600 2  1600.0      1.0000    
 1601 2  1601.0      6.0000    
 1602 2  1602.0      6.0000    
 1603 2  1603.0      2.0000    
 1604 2  1604.0      4.0000    
 1605 2  1605.0      1.0000    
 1606 2  1606.0      1.0000    
 1607 2  1607.0      2.0000    
 1608 2  1608.0      5.0000    
 1609 2  1609.0      1.0000    
 1610 2  1610.0      2.0000    
 1611 2  1611.0      2.0000    
 1612 2  1612.0      5.0000    
 1613 2  1613.0      5.0000    
 1614 2  1614.0      1.0000    
 1615 2  1615.0      4.0000    
 1616 2  1616.0      5.0000    
 1617 2  1617.0      2.0000    
 1618 2  1618.0      5.0000    
 1619 2  1619.0      5.0000    
 1620 2  1620.0      1.0000    
 1621 2  1621.0      2.0000    
 1622 2  1622.0      2.0000    
 1623 2  1623.0      2.0000    
 1624 2  1624.0      2.0000    
 1625 2  1625.0      2.0000    
 1626 2  1626.0      4.0000    
 1627 2  1627.0      2.0000    
 1628 2  1628.0      1.0000    
 1629 2  1629.0      5.0000    
 1630 2  1630.0      2.0000    
 1631 2  1631.0      5.0000    
 1632 2  1632.0      5.0000    
 1633 2  1633.0      2.0000    
 1634 2  1634.0      2.0000    
 1635 2  1635.0      1.0000    
 1636 2  1636.0      5.0000    
 1637 2  1637.0      2.0000    
 1638 2  1638.0      2.0000    
 1639 2  1639.0      6.0000    
 1640 2  1640.0      6.0000    
 1641 2  1641.0      6.0000    
 1642 2  1642.0      1.0000    
 1643 2  1643.0      4.0000    
 1644 2  1644.0      8.0000    
 1645 2  1645.0      2.0000    
 1646 2  1646.0      1.0000    
 1647 2  1647.0      1.0000    
 1648 2  1648.0      5.0000    
 1649 2  1649.0      5.0000    
 1650 2  1650.0      5.0000    
 1651 2  1651.0      1.0000    
 1652 2  1652.0      5.0000    
 1653 2  1653.0      2.0000    
 1654 2  1654.0      4.0000    
 1655 2  1655.0      1.0000    
 1656 2  1656.0      4.0000    
 1657 2  1657.0      7.0000    
 1658 2  1658.0      4.0000    
 1659 2  1659.0      1.0000    
 1660 2  1660.0      4.0000    
 1661 2  1661.0      5.0000    
 1662 2  1662.0      2.0000    
 1663 2  1663.0      6.0000    
 1664 2  1664.0      6.0000    
 1665 2  1665.0      4.0000    
 1666 2  1666.0      1.0000    
 1667 2  1667.0      1.0000    
 1668 2  1668.0      5.0000    
 1669 2  1669.0      4.0000    
 1670 2  1670.0      1.0000    
 1671 2  1671.0      5.0000    
 1672 2  1672.0      1.0000    
 1673 2  1673.0      1.0000    
 1674 2  1674.0      2.0000    
 1675 2  1675.0      2.0000    
 1676 2  1676.0      2.0000    
 1677 2  1677.0      5.0000    
 1678 2  1678.0      1.0000    
 1679 2  1679.0      5.0000    
 1680 2  1680.0      5.0000    
 1681 2  1681.0      2.0000    
 1682 2  1682.0      5.0000    
 1683 2  1683.0      4.0000    
 1684 2  1684.0      5.0000    
 1685 2  1685.0      1.0000    
 1686 2  1686.0      4.0000    
 1687 2  1687.0      2.0000    
 1688 2  1688.0      4.0000    
 1689 2  1689.0      2.0000    
 1690 2  1690.0      2.0000    
 1691 2  1691.0      1.0000    
 1692 2  1692.0      1.0000    
 1693 2  1693.0      5.0000    
 1694 2  1694.0      2.0000    
 1695 2  1695.0      2.0000    
 1696 2  1696.0      1.0000    
 1697 2  1697.0      2.0000    
 1698 2  1698.0      1.0000    
 1699 2  1699.0      2.0000    
 1700 2  1700.0      6.0000    
 1701 2  1701.0      6.0000    
 1702 2  1702.0      6.0000    
 1703 2  1703.0      7.0000    
 1704 2  1704.0      4.0000    
 1705 2  1705.0      1.0000    
 1706 2  1706.0      1.0000    
 1707 2  1707.0      4.0000    
 1708 2  1708.0      1.0000    
 1709 2  1709.0      1.0000    
 1710 2  1710.0      4.0000    
 1711 2  1711.0      5.0000    
 1712 2  1712.0      4.0000    
 1713 2  1713.0      3.0000    
 1714 2  1714.0      7.0000    
 1715 2  1715.0      1.0000    
 1716 2  1716.0      1.0000    
 1717 2  1717.0      1.0000    
 1718 2  1718.0      5.0000    
 1719 2  1719.0      2.0000    
 1720 2  1720.0      5.0000    
 1721 2  1721.0      5.0000    
 1722 2  1722.0      1.0000    
 1723 2  1723.0      6.0000    
 1724 2  1724.0      6.0000    
 1725 2  1725.0      2.0000    
 1726 2  1726.0      2.0000    
 1727 2  1727.0      4.0000    
 1728 2  1728.0      2.0000    
 1729 2  1729.0      5.0000    
 1730 2  1730.0      2.0000    
 1731 2  1731.0      1.0000    
 1732 2  1732.0      4.0000    
 1733 2  1733.0      2.0000    
 1734 2  1734.0      5.0000    
 1735 2  1735.0      2.0000    
 1736 2  1736.0      5.0000    
 1737 2  1737.0      5.0000    
 1738 2  1738.0      1.0000    
 1739 2  1739.0      4.0000    
 1740 2  1740.0      1.0000    
 1741 2  1741.0      1.0000    
 1742 2  1742.0      5.0000    
 1743 2  1743.0      4.0000    
 1744 2  1744.0      2.0000    
 1745 2  1745.0      5.0000    
 1746 2  1746.0      4.0000    
 1747 2  1747.0      2.0000    
 1748 2  1748.0      4.0000    
 1749 2  1749.0      5.0000    
 1750 2  1750.0      2.0000    
 1751 2  1751.0      5.0000    
 1752 2  1752.0      5.0000    
 1753 2  1753.0      2.0000    
 1754 2  1754.0      1.0000    
 1755 2  1755.0      7.0000    
 1756 2  1756.0      1.0000    
 1757 2  1757.0      2.0000    
 1758 2  1758.0      2.0000    
 1759 2  1759.0      4.0000    
 1760 2  1760.0      2.0000    
 1761 2  1761.0      6.0000    
 1762 2  1762.0      6.0000    
 1763 2  1763.0      6.0000    
 1764 2  1764.0      5.0000    
 1765 2  1765.0      4.0000    
 1766 2  1766.0      2.0000    
 1767 2  1767.0      2.0000    
 1768 2  1768.0      5.0000    
 1769 2  1769.0      2.0000    
 1770 2  1770.0      1.0000    
 1771 2  1771.0      4.0000    
 1772 2  1772.0      4.0000    
 1773 2  1773.0      2.0000    
 1774 2  1774.0      5.0000    
 1775 2  1775.0      4.0000    
 1776 2  1776.0      6.0000    
 1777 2  1777.0      5.0000    
 1778 2  1778.0      5.0000    
 1779 2  1779.0      2.0000    
 1780 2  1780.0      1.0000    
 1781 2  1781.0      7.0000    
 1782 2  1782.0      1.0000    
 1783 2  1783.0      2.0000    
 1784 2  1784.0      6.0000    
 1785 2  1785.0      6.0000    
 1786 2  1786.0      4.0000    
 1787 2  1787.0      1.0000    
 1788 2  1788.0      1.0000    
 1789 2  1789.0      7.0000    
 1790 2  1790.0      5.0000    
 1791 2  1791.0      2.0000    
 1792 2  1792.0      1.0000    
 1793 2  1793.0      2.0000    
 1794 2  1794.0      2.0000    
 1795 2  1795.0      2.0000    
 1796 2  1796.0      2.0000    
 1797 2  1797.0      1.0000    
 1798 2  1798.0      5.0000    
 1799 2  1799.0      2.0000    
 1800 2  1800.0      4.0000    
 1801 2  1801.0      5.0000    
 1802 2  1802.0      1.0000    
 1803 2  1803.0      1.0000    
 1804 2  1804.0      4.0000    
 1805 2  1805.0      1.0000    
 1806 2  1806.0      5.0000    
 1807 2  1807.0      1.0000    
 1808 2  1808.0      5.0000    
 1809 2  1809.0      1.0000    
 1810 2  1810.0      5.0000    
 1811 2  1811.0      4.0000    
 1812 2  1812.0      4.0000    
 1813 2  1813.0      1.0000    
 1814 2  1814.0      4.0000    
 1815 2  1815.0      5.0000    
 1816 2  1816.0      4.0000    
 1817 2  1817.0      2.0000    
 1818 2  1818.0      1.0000    
 1819 2  1819.0      1.0000    
 1820 2  1820.0      1.0000    
 1821 2  1821.0      6.0000    
 1822 2  1822.0      6.0000    
 1823 2  1823.0      6.0000    
 1824 2  1824.0      6.0000    
 1825 2  1825.0      1.0000    
 1826 2  1826.0      2.0000    
 1827 2  1827.0      3.0000    
 1828 2  1828.0      5.0000    
 1829 2  1829.0      1.0000    
 1830 2  1830.0      1.0000    
 1831 2  1831.0      2.0000    
 1832 2  1832.0      5.0000    
 1833 2  1833.0      5.0000    
 1834 2  1834.0      1.0000    
 1835 2  1835.0      5.0000    
 1836 2  1836.0      5.0000    
 1837 2  1837.0      5.0000    
 1838 2  1838.0      4.0000    
 1839 2  1839.0      1.0000    
 1840 2  1840.0      5.0000    
 1841 2  1841.0      5.0000    
 1842 2  1842.0      4.0000    
 1843 2  1843.0      4.0000    
 1844 2  1844.0      2.0000    
 1845 2  1845.0      6.0000    
 1846 2  1846.0      6.0000    
 1847 2  1847.0      2.0000    
 1848 2  1848.0      2.0000    
 1849 2  1849.0      2.0000    
 1850 2  1850.0      5.0000    
 1851 2  1851.0      1.0000    
 1852 2  1852.0      1.0000    
 1853 2  1853.0      4.0000    
 1854 2  1854.0      2.0000    
 1855 2  1855.0      2.0000    
 1856 2  1856.0      1.0000    
 1857 2  1857.0      2.0000    
 1858 2  1858.0      5.0000    
 1859 2  1859.0      1.0000    
 1860 2  1860.0      5.0000    
 1861 2  1861.0      2.0000    
 1862 2  1862.0      2.0000    
 1863 2  1863.0      1.0000    
 1864 2  1864.0      2.0000    
 1865 2  1865.0      2.0000    
 1866 2  1866.0      1.0000    
 1867 2  1867.0      5.0000    
 1868 2  1868.0      2.0000    
 1869 2  1869.0      2.0000    
 1870 2  1870.0      4.0000    
 1871 2  1871.0      1.0000    
 1872 2  1872.0      5.0000    
 1873 2  1873.0      2.0000    
 1874 2  1874.0      2.0000    
 1875 2  1875.0      2.0000    
 1876 2  1876.0      5.0000    
 1877 2  1877.0      5.0000    
 1878 2  1878.0      2.0000    
 1879 2  1879.0      5.0000    
 1880 2  1880.0      4.0000    
 1881 2  1881.0      5.0000    
 1882 2  1882.0      6.0000    
 1883 2  1883.0      2.0000    
 1884 2  1884.0      6.0000    
 1885 2  1885.0      6.0000    
 1886 2  1886.0      1.0000    
 1887 2  1887.0      5.0000    
 1888 2  1888.0      7.0000    
 1889 2  1889.0      2.0000    
 1890 2  1890.0      4.0000    
 1891 2  1891.0      2.0000    
 1892 2  1892.0      3.0000    
 1893 2  1893.0      5.0000    
 1894 2  1894.0      5.0000    
 1895 2  1895.0      5.0000    
 1896 2  1896.0      2.0000    
 1897 2  1897.0      1.0000    
 1898 2  1898.0      4.0000    
 1899 2  1899.0      7.0000    
 1900 2  1900.0      7.0000    
 1901 2  1901.0      2.0000    
 1902 2  1902.0      2.0000    
 1903 2  1903.0      1.0000    
 1904 2  1904.0      1.0000    
 1905 2  1905.0      4.0000    
 1906 2  1906.0      1.0000    
 1907 2  1907.0      6.0000    
 1908 2  1908.0      6.0000    
 1909 2  1909.0      2.0000    
 1910 2  1910.0      2.0000    
 1911 2  1911.0      2.0000    
 1912 2  1912.0      5.0000    
 1913 2  1913.0      1.0000    
 1914 2  1914.0      5.0000    
 1915 2  1915.0      4.0000    
 1916 2  1916.0      5.0000    
 1917 2  1917.0      4.0000    
 1918 2  1918.0      5.0000    
 1919 2  1919.0      2.0000    
 1920 2  1920.0      1.0000    
 1921 2  1921.0      1.0000    
 1922 2  1922.0      5.0000    
 1923 2  1923.0      2.0000    
 1924 2  1924.0      2.0000    
 1925 2  1925.0      2.0000    
 1926 2  1926.0      1.0000    
 1927 2  1927.0      5.0000    
 1928 2  1928.0      4.0000    
 1929 2  1929.0      2.0000    
 1930 2  1930.0      1.0000    
 1931 2  1931.0      1.0000    
 1932 2  1932.0      5.0000    
 1933 2  1933.0      5.0000    
 1934 2  1934.0      1.0000    
 1935 2  1935.0      5.0000    
 1936 2  1936.0      1.0000    
 1937 2  1937.0      2.0000    
 1938 2  1938.0      5.0000    
 1939 2  1939.0      5.0000    
 1940 2  1940.0      1.0000    
 1941 2  1941.0      2.0000    
 1942 2  1942.0      2.0000    
 1943 2  1943.0      6.0000    
 1944 2  1944.0      6.0000    
 1945 2  1945.0      6.0000    
 1946 2  1946.0      6.0000    
 1947 2  1947.0      5.0000    
 1948 2  1948.0      6.0000    
 1949 2  1949.0      4.0000    
 1950 2  1950.0      2.0000    
 1951 2  1951.0      1.0000    
 1952 2  1952.0      5.0000    
 1953 2  1953.0      5.0000    
 1954 2  1954.0      2.0000    
 1955 2  1955.0      4.0000    
 1956 2  1956.0      1.0000    
 1957 2  1957.0      1.0000    
 1958 2  1958.0      7.0000    
 1959 2  1959.0      5.0000    
 1960 2  1960.0      4.0000    
 1961 2  1961.0      2.0000    
 1962 2  1962.0      5.0000    
 1963 2  1963.0      1.0000    
 1964 2  1964.0      1.0000    
 1965 2  1965.0      4.0000    
 1966 2  1966.0      5.0000    
 1967 2  1967.0      6.0000    
 1968 2  1968.0      6.0000    
 1969 2  1969.0      5.0000    
 1970 2  1970.0      1.0000    
 1971 2  1971.0      2.0000    
 1972 2  1972.0      1.0000    
 1973 2  1973.0      4.0000    
 1974 2  1974.0      2.0000    
 1975 2  1975.0      5.0000    
 1976 2  1976.0      1.0000    
 1977 2  1977.0      7.0000    
 1978 2  1978.0      7.0000    
 1979 2  1979.0      7.0000    
 1980 2  1980.0      7.0000    
 1981 2  1981.0      7.0000    
 1982 2  1982.0      7.0000    
 1983 2  1983.0      1.0000    
 1984 2  1984.0      4.0000    
 1985 2  1985.0      4.0000    
 1986 2  1986.0      2.0000    
 1987 2  1987.0      1.0000    
 1988 2  1988.0      4.0000    
 1989 2  1989.0      7.0000    
 1990 2  1990.0      7.0000    
 1991 2  1991.0      7.0000    
 1992 2  1992.0      7.0000    
 1993 2  1993.0      7.0000    
 1994 2  1994.0      7.0000    
 1995 2  1995.0      4.0000    
 1996 2  1996.0      2.0000    
 1997 2  1997.0      5.0000    
 1998 2  1998.0      1.0000    
 1999 2  1999.0      4.0000    
 2000 2  2000.0      5.0000    
 2001 2  2001.0      4.0000    
 2002 2  2002.0      6.0000    
 2003 2  2003.0      6.0000    
 2004 2  2004.0      6.0000    
 2005 2  2005.0      6.0000    
 2006 2  2006.0      3.0000    
 2007 2  2007.0      2.0000    
 2008 2  2008.0      5.0000    
 2009 2  2009.0      5.0000    
 2010 2  2010.0      2.0000    
 2011 2  2011.0      4.0000    
 2012 2  2012.0      2.0000    
 2013 2  2013.0      5.0000    
 2014 2  2014.0      2.0000    
 2015 2  2015.0      1.0000    
 2016 2  2016.0      5.0000    
 2017 2  2017.0      2.0000    
 2018 2  2018.0      1.0000    
 2019 2  2019.0      5.0000    
 2020 2  2020.0      5.0000    
 2021 2  2021.0      5.0000    
 2022 2  2022.0      7.0000    
 2023 2  2023.0      7.0000    
 2024 2  2024.0      2.0000    
 2025 2  2025.0      2.0000    
 2026 2  2026.0      4.0000    
 2027 2  2027.0      6.0000    
 2028 2  2028.0      6.0000    
 2029 2  2029.0      7.0000    
 2030 2  2030.0      5.0000    
 2031 2  2031.0      1.0000    
 2032 2  2032.0      1.0000    
 2033 2  2033.0      5.0000    
 2034 2  2034.0      1.0000    
 2035 2  2035.0      5.0000    
 2036 2  2036.0      7.0000    
 2037 2  2037.0      7.0000    
 2038 2  2038.0      7.0000    
 2039 2  2039.0      7.0000    
 2040 2  2040.0      7.0000    
 2041 2  2041.0      7.0000    
 2042 2  2042.0      4.0000    
 2043 2  2043.0      2.0000    
 2044 2  2044.0      5.0000    
 2045 2  2045.0      5.0000    
 2046 2  2046.0      4.0000    
 2047 2  2047.0      5.0000    
 2048 2  2048.0      7.0000    
 2049 2  2049.0      7.0000    
 2050 2  2050.0      7.0000    
 2051 2  2051.0      7.0000    
 2052 2  2052.0      7.0000    
 2053 2  2053.0      7.0000    
 2054 2  2054.0      4.0000    
 2055 2  2055.0      1.0000    
 2056 2  2056.0      4.0000    
 2057 2  2057.0      4.0000    
 2058 2  2058.0      2.0000    
 2059 2  2059.0      2.0000    
 2060 2  2060.0      2.0000    
 2061 2  2061.0      6.0000    
 2062 2  2062.0      6.0000    
 2063 2  2063.0      6.0000    
 2064 2  2064.0      4.0000    
 2065 2  2065.0      1.0000    
 2066 2  2066.0      5.0000    
 2067 2  2067.0      1.0000    
 2068 2  2068.0      4.0000    
 2069 2  2069.0      5.0000    
 2070 2  2070.0      1.0000    
 2071 2  2071.0      2.0000    
 2072 2  2072.0      2.0000    
 2073 2  2073.0      2.0000    
 2074 2  2074.0      2.0000    
 2075 2  2075.0      1.0000    
 2076 2  2076.0      4.0000    
 2077 2  2077.0      3.0000    
 2078 2  2078.0      5.0000    
 2079 2  2079.0      1.0000    
 2080 2  2080.0      5.0000    
 2081 2  2081.0      2.0000    
 2082 2  2082.0      5.0000    
 2083 2  2083.0      4.0000    
 2084 2  2084.0      7.0000    
 2085 2  2085.0      1.0000    
 2086 2  2086.0      6.0000    
 2087 2  2087.0      6.0000    
 2088 2  2088.0      5.0000    
 2089 2  2089.0      4.0000    
 2090 2  2090.0      1.0000    
 2091 2  2091.0      2.0000    
 2092 2  2092.0      2.0000    
 2093 2  2093.0      1.0000    
 2094 2  2094.0      4.0000    
 2095 2  2095.0      7.0000    
 2096 2  2096.0      7.0000    
 2097 2  2097.0      7.0000    
 2098 2  2098.0      7.0000    
 2099 2  2099.0      7.0000    
 2100 2  2100.0      7.0000    
 2101 2  2101.0      5.0000    
 2102 2  2102.0      7.0000    
 2103 2  2103.0      5.0000    
 2104 2  2104.0      4.0000    
 2105 2  2105.0      4.0000    
 2106 2  2106.0      5.0000    
 2107 2  2107.0      7.0000    
 2108 2  2108.0      7.0000    
 2109 2  2109.0      7.0000    
 2110 2  2110.0      7.0000    
 2111 2  2111.0      7.0000    
 2112 2  2112.0      7.0000    
 2113 2  2113.0      4.0000    
 2114 2  2114.0      1.0000    
 2115 2  2115.0      2.0000    
 2116 2  2116.0      1.0000    
 2117 2  2117.0      5.0000    
 2118 2  2118.0      4.0000    
 2119 2  2119.0      2.0000    
 2120 2  2120.0      6.0000    
 2121 2  2121.0      6.0000    
 2122 2  2122.0      6.0000    
 2123 2  2123.0      1.0000    
 2124 2  2124.0      1.0000    
 2125 2  2125.0      8.0000    
 2126 2  2126.0      1.0000    
 2127 2  2127.0      1.0000    
 2128 2  2128.0      2.0000    
 2129 2  2129.0      4.0000    
 2130 2  2130.0      4.0000    
 2131 2  2131.0      1.0000    
 2132 2  2132.0      4.0000    
 2133 2  2133.0      5.0000    
 2134 2  2134.0      4.0000    
 2135 2  2135.0      7.0000    
 2136 2  2136.0      1.0000    
 2137 2  2137.0      2.0000    
 2138 2  2138.0      2.0000    
 2139 2  2139.0      5.0000    
 2140 2  2140.0      5.0000    
 2141 2  2141.0      1.0000    
 2142 2  2142.0      2.0000    
 2143 2  2143.0      5.0000    
 2144 2  2144.0      2.0000    
 2145 2  2145.0      6.0000    
 2146 2  2146.0      6.0000    
 2147 2  2147.0      1.0000    
 2148 2  2148.0      1.0000    
 2149 2  2149.0      1.0000    
 2150 2  2150.0      1.0000    
 2151 2  2151.0      3.0000    
 2152 2  2152.0      5.0000    
 2153 2  2153.0      7.0000    
 2154 2  2154.0      7.0000    
 2155 2  2155.0      7.0000    
 2156 2  2156.0      7.0000    
 2157 2  2157.0      7.0000    
 2158 2  2158.0      7.0000    
 2159 2  2159.0      2.0000    
 2160 2  2160.0      1.0000    
 2161 2  2161.0      5.0000    
 2162 2  2162.0      2.0000    
 2163 2  2163.0      3.0000    
 2164 2  2164.0      4.0000    
 2165 2  2165.0      7.0000    
 2166 2  2166.0      7.0000    
 2167 2  2167.0      7.0000    
 2168 2  2168.0      7.0000    
 2169 2  2169.0      7.0000    
 2170 2  2170.0      7.0000    
 2171 2  2171.0      1.0000    
 2172 2  2172.0      5.0000    
 2173 2  2173.0      5.0000    
 2174 2  2174.0      4.0000    
 2175 2  2175.0      1.0000    
 2176 2  2176.0      1.0000    
 2177 2  2177.0      6.0000    
 2178 2  2178.0      6.0000    
 2179 2  2179.0      6.0000    
 2180 2  2180.0      4.0000    
 2181 2  2181.0      5.0000    
 2182 2  2182.0      7.0000    
 2183 2  2183.0      1.0000    
 2184 2  2184.0      4.0000    
 2185 2  2185.0      1.0000    
 2186 2  2186.0      1.0000    
 2187 2  2187.0      7.0000    
 2188 2  2188.0      4.0000    
 2189 2  2189.0      5.0000    
 2190 2  2190.0      4.0000    
 2191 2  2191.0      4.0000    
 2192 2  2192.0      1.0000    
 2193 2  2193.0      2.0000    
 2194 2  2194.0      1.0000    
 2195 2  2195.0      2.0000    
 2196 2  2196.0      1.0000    
 2197 2  2197.0      4.0000    
 2198 2  2198.0      1.0000    
 2199 2  2199.0      8.0000    
 2200 2  2200.0      4.0000    
 2201 2  2201.0      7.0000    
 2202 2  2202.0      6.0000    
 2203 2  2203.0      6.0000    
 2204 2  2204.0      1.0000    
 2205 2  2205.0      4.0000    
 2206 2  2206.0      5.0000    
 2207 2  2207.0      1.0000    
 2208 2  2208.0      2.0000    
 2209 2  2209.0      5.0000    
 2210 2  2210.0      7.0000    
 2211 2  2211.0      7.0000    
 2212 2  2212.0      7.0000    
 2213 2  2213.0      7.0000    
 2214 2  2214.0      7.0000    
 2215 2  2215.0      7.0000    
 2216 2  2216.0      5.0000    
 2217 2  2217.0      1.0000    
 2218 2  2218.0      1.0000    
 2219 2  2219.0      4.0000    
 2220 2  2220.0      2.0000    
 2221 2  2221.0      2.0000    
 2222 2  2222.0      7.0000    
 2223 2  2223.0      7.0000    
 2224 2  2224.0      7.0000    
 2225 2  2225.0      7.0000    
 2226 2  2226.0      7.0000    
 2227 2  2227.0      7.0000    
 2228 2  2228.0      5.0000    
 2229 2  2229.0      4.0000    
 2230 2  2230.0      2.0000    
 2231 2  2231.0      1.0000    
 2232 2  2232.0      7.0000    
 2233 2  2233.0      4.0000    
 2234 2  2234.0      6.0000    
 2235 2  2235.0      6.0000    
 2236 2  2236.0      6.0000    
 2237 2  2237.0      4.0000    
 2238 2  2238.0      1.0000    
 2239 2  2239.0      2.0000    
 2240 2  2240.0      4.0000    
 2241 2  2241.0      2.0000    
 2242 2  2242.0      2.0000    
 2243 2  2243.0      5.0000    
 2244 2  2244.0      1.0000    
 2245 2  2245.0      8.0000    
 2246 2  2246.0      5.0000    
 2247 2  2247.0      5.0000    
 2248 2  2248.0      4.0000    
 2249 2  2249.0      5.0000    
 2250 2  2250.0      6.0000    
 2251 2  2251.0      5.0000    
 2252 2  2252.0      2.0000    
 2253 2  2253.0      2.0000    
 2254 2  2254.0      4.0000    
 2255 2  2255.0      5.0000    
 2256 2  2256.0      4.0000    
 2257 2  2257.0      2.0000    
 2258 2  2258.0      2.0000    
 2259 2  2259.0      2.0000    
 2260 2  2260.0      6.0000    
 2261 2  2261.0      6.0000    
 2262 2  2262.0      2.0000    
 2263 2  2263.0      4.0000    
 2264 2  2264.0      1.0000    
 2265 2  2265.0      5.0000    
 2266 2  2266.0      1.0000    
 2267 2  2267.0      7.0000    
 2268 2  2268.0      7.0000    
 2269 2  2269.0      7.0000    
 2270 2  2270.0      7.0000    
 2271 2  2271.0      7.0000    
 2272 2  2272.0      7.0000    
 2273 2  2273.0      7.0000    
 2274 2  2274.0      5.0000    
 2275 2  2275.0      2.0000    
 2276 2  2276.0      5.0000    
 2277 2  2277.0      5.0000    
 2278 2  2278.0      4.0000    
 2279 2  2279.0      7.0000    
 2280 2  2280.0      7.0000    
 2281 2  2281.0      7.0000    
 2282 2  2282.0      7.0000    
 2283 2  2283.0      7.0000    
 2284 2  2284.0      7.0000    
 2285 2  2285.0      5.0000    
 2286 2  2286.0      5.0000    
 2287 2  2287.0      4.0000    
 2288 2  2288.0      2.0000    
 2289 2  2289.0      4.0000    
 2290 2  2290.0      6.0000    
 2291 2  2291.0      6.0000    
 2292 2  2292.0      6.0000    
 2293 2  2293.0      8.0000    
 2294 2  2294.0      4.0000    
 2295 2  2295.0      5.0000    
 2296 2  2296.0      7.0000    
 2297 2  2297.0      1.0000    
 2298 2  2298.0      4.0000    
 2299 2  2299.0      2.0000    
 2300 2  2300.0      1.0000    
 2301 2  2301.0      5.0000    
 2302 2  2302.0      4.0000    
 2303 2  2303.0      5.0000    
 2304 2  2304.0      1.0000    
 2305 2  2305.0      4.0000    
 2306 2  2306.0      2.0000    
 2307 2  2307.0      4.0000    
 2308 2  2308.0      1.0000    
 2309 2  2309.0      3.0000    
 2310 2  2310.0      2.0000    
 2311 2  2311.0      7.0000    
 2312 2  2312.0      5.0000    
 2313 2  2313.0      2.0000    
 2314 2  2314.0      4.0000    
 2315 2  2315.0      1.0000    
 2316 2  2316.0      1.0000    
 2317 2  2317.0      6.0000    
 2318 2  2318.0      6.0000    
 2319 2  2319.0      2.0000    
 2320 2  2320.0      1.0000    
 2321 2  2321.0      4.0000    
 2322 2  2322.0      1.0000    
 2323 2  2323.0      5.0000    
 2324 2  2324.0      2.0000    
 2325 2  2325.0      2.0000    
 2326 2  2326.0      2.0000    
 2327 2  2327.0      2.0000    
 2328 2  2328.0      1.0000    
 2329 2  2329.0      5.0000    
 2330 2  2330.0      1.0000    
 2331 2  2331.0      4.0000    
 2332 2  2332.0      4.0000    
 2333 2  2333.0      1.0000    
 2334 2  2334.0      1.0000    
 2335 2  2335.0      5.0000    
 2336 2  2336.0      4.0000    
 2337 2  2337.0      2.0000    
 2338 2  2338.0      2.0000    
 2339 2  2339.0      1.0000    
 2340 2  2340.0      5.0000    
 2341 2  2341.0      5.0000    
 2342 2  2342.0      2.0000    
 2343 2  2343.0      2.0000    
 2344 2  2344.0      1.0000    
 2345 2  2345.0      6.0000    
 2346 2  2346.0      6.0000    
 2347 2  2347.0      6.0000    
 2348 2  2348.0      5.0000    
 2349 2  2349.0      5.0000    
 2350 2  2350.0      4.0000    
 2351 2  2351.0      5.0000    
 2352 2  2352.0      5.0000    
 2353 2  2353.0      2.0000    
 2354 2  2354.0      1.0000    
 2355 2  2355.0      1.0000    
 2356 2  2356.0      1.0000    
 2357 2  2357.0      4.0000    
 2358 2  2358.0      4.0000    
 2359 2  2359.0      7.0000    
 2360 2  2360.0      1.0000    
 2361 2  2361.0      5.0000    
 2362 2  2362.0      2.0000    
 2363 2  2363.0      1.0000    
 2364 2  2364.0      4.0000    
 2365 2  2365.0      2.0000    
 2366 2  2366.0      8.0000    
 2367 2  2367.0      1.0000    
 2368 2  2368.0      4.0000    
 2369 2  2369.0      2.0000    
 2370 2  2370.0      5.0000    
 2371 2  2371.0      4.0000    
 2372 2  2372.0      1.0000    
 2373 2  2373.0      6.0000    
 2374 2  2374.0      2.0000    
 2375 2  2375.0      5.0000    
 2376 2  2376.0      2.0000    
 2377 2  2377.0      1.0000    
 2378 2  2378.0      4.0000    
 2379 2  2379.0      1.0000    
 2380 2  2380.0      5.0000    
 2381 2  2381.0      5.0000    
 2382 2  2382.0      1.0000    
 2383 2  2383.0      5.0000    
 2384 2  2384.0      5.0000    
 2385 2  2385.0      1.0000    
 2386 2  2386.0      5.0000    
 2387 2  2387.0      5.0000    
 2388 2  2388.0      1.0000    
 2389 2  2389.0      5.0000    
 2390 2  2390.0      4.0000    
 2391 2  2391.0      2.0000    
 2392 2  2392.0      2.0000    
 2393 2  2393.0      1.0000    
 2394 2  2394.0      5.0000    
 2395 2  2395.0      5.0000    
 2396 2  2396.0      1.0000    
 2397 2  2397.0      5.0000    
 2398 2  2398.0      5.0000    
 2399 2  2399.0      2.0000    
 2400 2  2400.0      6.0000    
 2401 2  2401.0      6.0000    
 2402 2  2402.0      4.0000    
 2403 2  2403.0      5.0000    
 2404 2  2404.0      7.0000    
 2405 2  2405.0      4.0000    
 2406 2  2406.0      4.0000    
 2407 2  2407.0      5.0000    
 2408 2  2408.0      2.0000    
 2409 2  2409.0      7.0000    
 2410 2  2410.0      1.0000    
 2411 2  2411.0      1.0000    
 2412 2  2412.0      7.0000    
 2413 2  2413.0      4.0000    
 2414 2  2414.0      4.0000    
 2415 2  2415.0      1.0000    
 2416 2  2416.0      2.0000    
 2417 2  2417.0      1.0000    
 2418 2  2418.0      1.0000    
 2419 2  2419.0      4.0000    
 2420 2  2420.0      4.0000    
 2421 2  2421.0      2.0000    
 2422 2  2422.0      4.0000    
 2423 2  2423.0      2.0000    
 2424 2  2424.0      4.0000    
 2425 2  2425.0      4.0000    
 2426 2  2426.0      1.0000    
 2427 2  2427.0      5.0000    
 2428 2  2428.0      6.0000    
 2429 2  2429.0      2.0000    
 2430 2  2430.0      5.0000    
 2431 2  2431.0      5.0000    
 2432 2  2432.0      5.0000    
 2433 2  2433.0      2.0000    
 2434 2  2434.0      5.0000    
 2435 2  2435.0      4.0000    
 2436 2  2436.0      1.0000    
 2437 2  2437.0      5.0000    
 2438 2  2438.0      1.0000    
 2439 2  2439.0      2.0000    
 2440 2  2440.0      5.0000    
 2441 2  2441.0      7.0000    
 2442 2  2442.0      2.0000    
 2443 2  2443.0      5.0000    
 2444 2  2444.0      5.0000    
 2445 2  2445.0      4.0000    
 2446 2  2446.0      2.0000    
 2447 2  2447.0      1.0000    
 2448 2  2448.0      1.0000    
 2449 2  2449.0      4.0000    
 2450 2  2450.0      1.0000    
 2451 2  2451.0      2.0000    
 2452 2  2452.0      4.0000    
 2453 2  2453.0      6.0000    
 2454 2  2454.0      6.0000    
 2455 2  2455.0      4.0000    
 2456 2  2456.0      2.0000    
 2457 2  2457.0      2.0000    
 2458 2  2458.0      3.0000    
 2459 2  2459.0      2.0000    
 2460 2  2460.0      5.0000    
 2461 2  2461.0      2.0000    
 2462 2  2462.0      1.0000    
 2463 2  2463.0      2.0000    
 2464 2  2464.0      2.0000    
 2465 2  2465.0      4.0000    
 2466 2  2466.0      7.0000    
 2467 2  2467.0      4.0000    
 2468 2  2468.0      4.0000    
 2469 2  2469.0      5.0000    
 2470 2  2470.0      1.0000    
 2471 2  2471.0      1.0000    
 2472 2  2472.0      1.0000    
 2473 2  2473.0      1.0000    
 2474 2  2474.0      5.0000    
 2475 2  2475.0      2.0000    
 2476 2  2476.0      1.0000    
 2477 2  2477.0      7.0000    
 2478 2  2478.0      5.0000    
 2479 2  2479.0      1.0000    
 2480 2  2480.0      1.0000    
 2481 2  2481.0      6.0000    
 2482 2  2482.0      2.0000    
 2483 2  2483.0      5.0000    
 2484 2  2484.0      1.0000    
 2485 2  2485.0      2.0000    
 2486 2  2486.0      2.0000    
 2487 2  2487.0      1.0000    
 2488 2  2488.0      1.0000    
 2489 2  2489.0      2.0000    
 2490 2  2490.0      2.0000    
 2491 2  2491.0      1.0000    
 2492 2  2492.0      1.0000    
 2493 2  2493.0      5.0000    
 2494 2  2494.0      2.0000    
 2495 2  2495.0      2.0000    
 2496 2  2496.0      5.0000    
 2497 2  2497.0      2.0000    
 2498 2  2498.0      1.0000    
 2499 2  2499.0      2.0000    
 2500 2  2500.0      2.0000    
 2501 2  2501.0      1.0000    
 2502 2  2502.0      1.0000    
 2503 2  2503.0      2.0000    
 2504 2  2504.0      6.0000    
 2505 2  2505.0      6.0000    
 2506 2  2506.0      8.0000    
 2507 2  2507.0      6.0000    
 2508 2  2508.0      4.0000    
 2509 2  2509.0      2.0000    
 2510 2  2510.0      2.0000    
 2511 2  2511.0      8.0000    
 2512 2  2512.0      4.0000    
 2513 2  2513.0      5.0000    
 2514 2  2514.0      6.0000    
 2515 2  2515.0      1.0000    
 2516 2  2516.0      1.0000    
 2517 2  2517.0      5.0000    
 2518 2  2518.0      4.0000    
 2519 2  2519.0      4.0000    
 2520 2  2520.0      4.0000    
 2521 2  2521.0      2.0000    
 2522 2  2522.0      4.0000    
 2523 2  2523.0      5.0000    
 2524 2  2524.0      7.0000    
 2525 2  2525.0      7.0000    
 2526 2  2526.0      2.0000    
 2527 2  2527.0      2.0000    
 2528 2  2528.0      2.0000    
 2529 2  2529.0      1.0000    
 2530 2  2530.0      4.0000    
 2531 2  2531.0      8.0000    
 2532 2  2532.0      5.0000    
 2533 2  2533.0      1.0000    
 2534 2  2534.0      6.0000    
 2535 2  2535.0      1.0000    
 2536 2  2536.0      4.0000    
 2537 2  2537.0      5.0000    
 2538 2  2538.0      5.0000    
 2539 2  2539.0      2.0000    
 2540 2  2540.0      4.0000    
 2541 2  2541.0      4.0000    
 2542 2  2542.0      1.0000    
 2543 2  2543.0      4.0000    
 2544 2  2544.0      1.0000    
 2545 2  2545.0      5.0000    
 2546 2  2546.0      1.0000    
 2547 2  2547.0      5.0000    
 2548 2  2548.0      5.0000    
 2549 2  2549.0      4.0000    
 2550 2  2550.0      2.0000    
 2551 2  2551.0      2.0000    
 2552 2  2552.0      1.0000    
 2553 2  2553.0      6.0000    
 2554 2  2554.0      6.0000    
 2555 2  2555.0      4.0000    
 2556 2  2556.0      1.0000    
 2557 2  2557.0      5.0000    
 2558 2  2558.0      5.0000    
 2559 2  2559.0      7.0000    
 2560 2  2560.0      4.0000    
 2561 2  2561.0      5.0000    
 2562 2  2562.0      6.0000    
 2563 2  2563.0      1.0000    
 2564 2  2564.0      2.0000    
 2565 2  2565.0      7.0000    
 2566 2  2566.0      1.0000    
 2567 2  2567.0      5.0000    
 2568 2  2568.0      4.0000    
 2569 2  2569.0      4.0000    
 2570 2  2570.0      1.0000    
 2571 2  2571.0      2.0000    
 2572 2  2572.0      5.0000    
 2573 2  2573.0      5.0000    
 2574 2  2574.0      4.0000    
 2575 2  2575.0      5.0000    
 2576 2  2576.0      4.0000    
 2577 2  2577.0      8.0000    
 2578 2  2578.0      2.0000    
 2579 2  2579.0      4.0000    
 2580 2  2580.0      4.0000    
 2581 2  2581.0      5.0000    
 2582 2  2582.0      4.0000    
 2583 2  2583.0      5.0000    
 2584 2  2584.0      5.0000    
 2585 2  2585.0      1.0000    
 2586 2  2586.0      2.0000    
 2587 2  2587.0      2.0000    
 2588 2  2588.0      4.0000    
 2589 2  2589.0      1.0000    
 2590 2  2590.0      1.0000    
 2591 2  2591.0      2.0000    
 2592 2  2592.0      5.0000    
 2593 2  2593.0      2.0000    
 2594 2  2594.0      4.0000    
 2595 2  2595.0      2.0000    
 2596 2  2596.0      2.0000    
 2597 2  2597.0      5.0000    
 2598 2  2598.0      1.0000    
 2599 2  2599.0      5.0000    
 2600 2  2600.0      2.0000    
 2601 2  2601.0      6.0000    
 2602 2  2602.0      6.0000    
 2603 2  2603.0      4.0000    
 2604 2  2604.0      2.0000    
 2605 2  2605.0      4.0000    
 2606 2  2606.0      2.0000    
 2607 2  2607.0      1.0000    
 2608 2  2608.0      1.0000    
 2609 2  2609.0      4.0000    
 2610 2  2610.0      4.0000    
 2611 2  2611.0      2.0000    
 2612 2  2612.0      2.0000    
 2613 2  2613.0      1.0000    
 2614 2  2614.0      2.0000    
 2615 2  2615.0      5.0000    
 2616 2  2616.0      4.0000    
 2617 2  2617.0      1.0000    
 2618 2  2618.0      4.0000    
 2619 2  2619.0      1.0000    
 2620 2  2620.0      5.0000    
 2621 2  2621.0      2.0000    
 2622 2  2622.0      7.0000    
 2623 2  2623.0      4.0000    
 2624 2  2624.0      2.0000    
 2625 2  2625.0      1.0000    
 2626 2  2626.0      4.0000    
 2627 2  2627.0      2.0000    
 2628 2  2628.0      2.0000    
 2629 2  2629.0      7.0000    
 2630 2  2630.0      2.0000    
 2631 2  2631.0      1.0000    
 2632 2  2632.0      2.0000    
 2633 2  2633.0      5.0000    
 2634 2  2634.0      8.0000    
 2635 2  2635.0      2.0000    
 2636 2  2636.0      2.0000    
 2637 2  2637.0      5.0000    
 2638 2  2638.0      5.0000    
 2639 2  2639.0      2.0000    
 2640 2  2640.0      4.0000    
 2641 2  2641.0      5.0000    
 2642 2  2642.0      4.0000    
 2643 2  2643.0      4.0000    
 2644 2  2644.0      1.0000    
 2645 2  2645.0      1.0000    
 2646 2  2646.0      5.0000    
 2647 2  2647.0      2.0000    
 2648 2  2648.0      6.0000    
 2649 2  2649.0      4.0000    
 2650 2  2650.0      5.0000    
 2651 2  2651.0      1.0000    
 2652 2  2652.0      5.0000    
 2653 2  2653.0      8.0000    
 2654 2  2654.0      8.0000    
 2655 2  2655.0      1.0000    
 2656 2  2656.0      5.0000    
 2657 2  2657.0      5.0000    
 2658 2  2658.0      5.0000    
 2659 2  2659.0      2.0000    
 2660 2  2660.0      2.0000    
 2661 2  2661.0      5.0000    
 2662 2  2662.0      4.0000    
 2663 2  2663.0      1.0000    
 2664 2  2664.0      2.0000    
 2665 2  2665.0      5.0000    
 2666 2  2666.0      7.0000    
 2667 2  2667.0      1.0000    
 2668 2  2668.0      1.0000    
 2669 2  2669.0      5.0000    
 2670 2  2670.0      5.0000    
 2671 2  2671.0      1.0000    
 2672 2  2672.0      1.0000    
 2673 2  2673.0      4.0000    
 2674 2  2674.0      1.0000    
 2675 2  2675.0      2.0000    
 2676 2  2676.0      5.0000    
 2677 2  2677.0      5.0000    
 2678 2  2678.0      1.0000    
 2679 2  2679.0      1.0000    
 2680 2  2680.0      5.0000    
 2681 2  2681.0      5.0000    
 2682 2  2682.0      4.0000    
 2683 2  2683.0      1.0000    
 2684 2  2684.0      2.0000    
 2685 2  2685.0      7.0000    
 2686 2  2686.0      2.0000    
 2687 2  2687.0      4.0000    
 2688 2  2688.0      1.0000    
 2689 2  2689.0      2.0000    
 2690 2  2690.0      2.0000    
 2691 2  2691.0      1.0000    
 2692 2  2692.0      5.0000    
 2693 2  2693.0      4.0000    
 2694 2  2694.0      8.0000    
 2695 2  2695.0      4.0000    
 2696 2  2696.0      1.0000    
 2697 2  2697.0      5.0000    
 2698 2  2698.0      8.0000    
 2699 2  2699.0      1.0000    
 2700 2  2700.0      2.0000    
 2701 2  2701.0      5.0000    
 2702 2  2702.0      1.0000    
 2703 2  2703.0      1.0000    
 2704 2  2704.0      1.0000    
 2705 2  2705.0      4.0000    
 2706 2  2706.0      1.0000    
 2707 2  2707.0      1.0000    
 2708 2  2708.0      7.0000    
 2709 2  2709.0      4.0000    
 2710 2  2710.0      6.0000    
 2711 2  2711.0      2.0000    
 2712 2  2712.0      4.0000    
 2713 2  2713.0      1.0000    
 2714 2  2714.0      5.0000    
 2715 2  2715.0      2.0000    
 2716 2  2716.0      1.0000    
 2717 2  2717.0      2.0000    
 2718 2  2718.0      1.0000    
 2719 2  2719.0      2.0000    
 2720 2  2720.0      2.0000    
 2721 2  2721.0      7.0000    
 2722 2  2722.0      5.0000    
 2723 2  2723.0      4.0000    
 2724 2  2724.0      4.0000    
 2725 2  2725.0      5.0000    
 2726 2  2726.0      1.0000    
 2727 2  2727.0      1.0000    
 2728 2  2728.0      6.0000    
 2729 2  2729.0      1.0000    
 2730 2  2730.0      7.0000    
 2731 2  2731.0      5.0000    
 2732 2  2732.0      4.0000    
 2733 2  2733.0      5.0000    
 2734 2  2734.0      1.0000    
 2735 2  2735.0      2.0000    
 2736 2  2736.0      5.0000    
 2737 2  2737.0      2.0000    
 2738 2  2738.0      2.0000    
 2739 2  2739.0      5.0000    
 2740 2  2740.0      4.0000    
 2741 2  2741.0      1.0000    
 2742 2  2742.0      5.0000    
 2743 2  2743.0      5.0000    
 2744 2  2744.0      2.0000    
 2745 2  2745.0      2.0000    
 2746 2  2746.0      5.0000    
 2747 2  2747.0      4.0000    
 2748 2  2748.0      2.0000    
 2749 2  2749.0      5.0000    
 2750 2  2750.0      1.0000    
 2751 2  2751.0      5.0000    
 2752 2  2752.0      4.0000    
 2753 2  2753.0      7.0000    
 2754 2  2754.0      2.0000    
 2755 2  2755.0      1.0000    
 2756 2  2756.0      1.0000    
 2757 2  2757.0      7.0000    
 2758 2  2758.0      4.0000    
 2759 2  2759.0      1.0000    
 2760 2  2760.0      1.0000    
 2761 2  2761.0      7.0000    
 2762 2  2762.0      1.0000    
 2763 2  2763.0      1.0000    
 2764 2  2764.0      7.0000    
 2765 2  2765.0      2.0000    
 2766 2  2766.0      1.0000    
 2767 2  2767.0      7.0000    
 2768 2  2768.0      4.0000    
 2769 2  2769.0      2.0000    
 2770 2  2770.0      5.0000    
 2771 2  2771.0      5.0000    
 2772 2  2772.0      4.0000    
 2773 2  2773.0      2.0000    
 2774 2  2774.0      1.0000    
 2775 2  2775.0      5.0000    
 2776 2  2776.0      4.0000    
 2777 2  2777.0      1.0000    
 2778 2  2778.0      5.0000    
 2779 2  2779.0      5.0000    
 2780 2  2780.0      7.0000    
 2781 2  2781.0      2.0000    
 2782 2  2782.0      2.0000    
 2783 2  2783.0      2.0000    
 2784 2  2784.0      7.0000    
 2785 2  2785.0      1.0000    
 2786 2  2786.0      1.0000    
 2787 2  2787.0      5.0000    
 2788 2  2788.0      2.0000    
 2789 2  2789.0      4.0000    
 2790 2  2790.0      2.0000    
 2791 2  2791.0      5.0000    
 2792 2  2792.0      4.0000    
 2793 2  2793.0      5.0000    
 2794 2  2794.0      5.0000    
 2795 2  2795.0      1.0000    
 2796 2  2796.0      5.0000    
 2797 2  2797.0      2.0000    
 2798 2  2798.0      4.0000    
 2799 2  2799.0      5.0000    
 2800 2  2800.0      5.0000    
 2801 2  2801.0      1.0000    
 2802 2  2802.0      5.0000    
 2803 2  2803.0      5.0000    
 2804 2  2804.0      2.0000    
 2805 2  2805.0      5.0000    
 2806 2  2806.0      5.0000    
 2807 2  2807.0      4.0000    
 2808 2  2808.0      2.0000    
 2809 2  2809.0      4.0000    
 2810 2  2810.0      2.0000    
 2811 2  2811.0      1.0000    
 2812 2  2812.0      4.0000    
 2813 2  2813.0      5.0000    
 2814 2  2814.0      2.0000    
 2815 2  2815.0      4.0000    
 2816 2  2816.0      1.0000    
 2817 2  2817.0      2.0000    
 2818 2  2818.0      4.0000    
 2819 2  2819.0      5.0000    
 2820 2  2820.0      4.0000    
 2821 2  2821.0      4.0000    
 2822 2  2822.0      4.0000    
 2823 2  2823.0      1.0000    
 2824 2  2824.0      5.0000    
 2825 2  2825.0      5.0000    
 2826 2  2826.0      5.0000    
 2827 2  2827.0      2.0000    
 2828 2  2828.0      5.0000    
 2829 2  2829.0      1.0000    
 2830 2  2830.0      5.0000    
 2831 2  2831.0      4.0000    
 2832 2  2832.0      1.0000    
 2833 2  2833.0      4.0000    
 2834 2  2834.0      4.0000    
 2835 2  2835.0      1.0000    
 2836 2  2836.0      1.0000    
 2837 2  2837.0      2.0000    
 2838 2  2838.0      2.0000    
 2839 2  2839.0      1.0000    
 2840 2  2840.0      1.0000    
 2841 2  2841.0      4.0000    
 2842 2  2842.0      7.0000    
 2843 2  2843.0      4.0000    
 2844 2  2844.0      1.0000    
 2845 2  2845.0      1.0000    
 2846 2  2846.0      1.0000    
 2847 2  2847.0      5.0000    
 2848 2  2848.0      4.0000    
 2849 2  2849.0      7.0000    
 2850 2  2850.0      5.0000    
 2851 2  2851.0      2.0000    
 2852 2  2852.0      2.0000    
 2853 2  2853.0      2.0000    
 2854 2  2854.0      5.0000    
 2855 2  2855.0      1.0000    
 2856 2  2856.0      4.0000    
 2857 2  2857.0      1.0000    
 2858 2  2858.0      5.0000    
 2859 2  2859.0      5.0000    
 2860 2  2860.0      5.0000    
 2861 2  2861.0      2.0000    
 2862 2  2862.0      4.0000    
 2863 2  2863.0      6.0000    
 2864 2  2864.0      1.0000    
 2865 2  2865.0      4.0000    
 2866 2  2866.0      2.0000    
 2867 2  2867.0      4.0000    
 2868 2  2868.0      5.0000    
 2869 2  2869.0      4.0000    
 2870 2  2870.0      1.0000    
 2871 2  2871.0      5.0000    
 2872 2  2872.0      4.0000    
 2873 2  2873.0      5.0000    
 2874 2  2874.0      2.0000    
 2875 2  2875.0      4.0000    
 2876 2  2876.0      4.0000    
 2877 2  2877.0      2.0000    
 2878 2  2878.0      2.0000    
 2879 2  2879.0      5.0000    
 2880 2  2880.0      5.0000    
 2881 2  2881.0      2.0000    
 2882 2  2882.0      5.0000    
 2883 2  2883.0      4.0000    
 2884 2  2884.0      5.0000    
 2885 2  2885.0      5.0000    
 2886 2  2886.0      6.0000    
 2887 2  2887.0      1.0000    
 2888 2  2888.0      7.0000    
 2889 2  2889.0      5.0000    
 2890 2  2890.0      8.0000    
 2891 2  2891.0      4.0000    
 2892 2  2892.0      5.0000    
 2893 2  2893.0      2.0000    
 2894 2  2894.0      5.0000    
 2895 2  2895.0      5.0000    
 2896 2  2896.0      5.0000    
 2897 2  2897.0      5.0000    
 2898 2  2898.0      4.0000    
 2899 2  2899.0      4.0000    
 2900 2  2900.0      4.0000    
 2901 2  2901.0      8.0000    
 2902 2  2902.0      4.0000    
 2903 2  2903.0      4.0000    
 2904 2  2904.0      1.0000    
 2905 2  2905.0      2.0000    
 2906 2  2906.0      4.0000    
 2907 2  2907.0      4.0000    
 2908 2  2908.0      5.0000    
 2909 2  2909.0      2.0000    
 2910 2  2910.0      1.0000    
 2911 2  2911.0      5.0000    
 2912 2  2912.0      5.0000    
 2913 2  2913.0      4.0000    
 2914 2  2914.0      1.0000    
 2915 2  2915.0      1.0000    
 2916 2  2916.0      5.0000    
 2917 2  2917.0      4.0000    
 2918 2  2918.0      1.0000    
 2919 2  2919.0      2.0000    
 2920 2  2920.0      5.0000    
 2921 2  2921.0      2.0000    
 2922 2  2922.0      4.0000    
 2923 2  2923.0      5.0000    
 2924 2  2924.0      1.0000    
 2925 2  2925.0      5.0000    
 2926 2  2926.0      2.0000    
 2927 2  2927.0      1.0000    
 2928 2  2928.0      1.0000    
 2929 2  2929.0      2.0000    
 2930 2  2930.0      1.0000    
 2931 2  2931.0      7.0000    
 2932 2  2932.0      1.0000    
 2933 2  2933.0      4.0000    
 2934 2  2934.0      5.0000    
 2935 2  2935.0      7.0000    
 2936 2  2936.0      2.0000    
 2937 2  2937.0      1.0000    
 2938 2  2938.0      5.0000    
 2939 2  2939.0      2.0000    
 2940 2  2940.0      3.0000    
 2941 2  2941.0      4.0000    
 2942 2  2942.0      5.0000    
 2943 2  2943.0      8.0000    
 2944 2  2944.0      4.0000    
 2945 2  2945.0      4.0000    
 2946 2  2946.0      1.0000    
 2947 2  2947.0      5.0000    
 2948 2  2948.0      5.0000    
 2949 2  2949.0      2.0000    
 2950 2  2950.0      4.0000    
 2951 2  2951.0      5.0000    
 2952 2  2952.0      5.0000    
 2953 2  2953.0      4.0000    
 2954 2  2954.0      6.0000    
 2955 2  2955.0      5.0000    
 2956 2  2956.0      5.0000    
 2957 2  2957.0      7.0000    
 2958 2  2958.0      7.0000    
 2959 2  2959.0      6.0000    
 2960 2  2960.0      4.0000    
 2961 2  2961.0      5.0000    
 2962 2  2962.0      1.0000    
 2963 2  2963.0      4.0000    
 2964 2  2964.0      4.0000    
 2965 2  2965.0      7.0000    
 2966 2  2966.0      1.0000    
 2967 2  2967.0      4.0000    
 2968 2  2968.0      2.0000    
 2969 2  2969.0      2.0000    
 2970 2  2970.0      5.0000    
 2971 2  2971.0      4.0000    
 2972 2  2972.0      4.0000    
 2973 2  2973.0      5.0000    
 2974 2  2974.0      4.0000    
 2975 2  2975.0      1.0000    
 2976 2  2976.0      2.0000    
 2977 2  2977.0      5.0000    
 2978 2  2978.0      1.0000    
 2979 2  2979.0      5.0000    
 2980 2  2980.0      5.0000    
 2981 2  2981.0      5.0000    
 2982 2  2982.0      2.0000    
 2983 2  2983.0      5.0000    
 2984 2  2984.0      1.0000    
 2985 2  2985.0      1.0000    
 2986 2  2986.0      5.0000    
 2987 2  2987.0      5.0000    
 2988 2  2988.0      5.0000    
 2989 2  2989.0      2.0000    
 2990 2  2990.0      4.0000    
 2991 2  2991.0      5.0000    
 2992 2  2992.0      4.0000    
 2993 2  2993.0      5.0000    
 2994 2  2994.0      4.0000    
 2995 2  2995.0      1.0000    
 2996 2  2996.0      4.0000    
 2997 2  2997.0      4.0000    
