 ;dat/dat   03-FEB-2004 AT 12:56:39   sdcout.dat
    1 3 9.11054E-02-8.70914E-02 7.80441E-02
    2 3 9.13425E-02-8.19438E-02 7.11945E-02
    3 3 6.87859E-02-3.21536E-02 7.37320E-02
    4 3 8.94722E-02-7.93526E-02 1.91940E-02
    5 3 7.45475E-02-7.17786E-02 7.40151E-02
    6 3 0.10433    -5.44486E-02 4.03000E-02
    7 3 0.11141    -7.41914E-02 7.70462E-03
    8 3 9.87052E-02-5.18710E-02 0.10541    
    9 3 7.70673E-02-6.77931E-02 5.42999E-02
   10 3 8.61041E-02-9.12426E-02 8.84659E-02
   11 3 7.49222E-02 5.28950E-02 4.92452E-02
   12 3 9.42456E-02 8.94896E-02 1.25379E-02
   13 3 0.11424     7.16490E-02 9.01859E-02
   14 3 5.52954E-02 9.86758E-02 1.57332E-02
   15 3 7.31714E-02 8.75693E-02 4.17901E-02
   16 3 7.59661E-02 6.92302E-02 1.30449E-02
   17 3 8.24045E-02 5.98709E-02 5.72198E-02
   18 3 7.66097E-02 0.10326     5.39195E-02
   19 3 0.10409     5.72311E-02 7.97514E-02
   20 3 9.94434E-02 6.21694E-02 6.31661E-02
   21 3 7.14712E-02-8.38377E-02-8.85878E-02
   22 3 9.31273E-02-7.33965E-02-5.11271E-02
   23 3 7.90579E-02-4.75850E-02-0.10304    
   24 3 8.34931E-02-7.96242E-02-7.61863E-02
   25 3 7.57808E-02-6.68236E-02-6.06248E-02
   26 3 5.38424E-02-5.51778E-02-3.71277E-02
   27 3 6.06992E-02-8.74156E-02-5.62695E-02
   28 3 8.25380E-02-7.72944E-02-4.89844E-02
   29 3 6.17196E-02-7.98130E-02-5.28183E-02
   30 3 7.82193E-02-7.52822E-02-5.61077E-02
   31 3 6.61567E-02 8.68946E-02-7.19032E-02
   32 3 5.47754E-02 5.67192E-02-7.28708E-02
   33 3 8.82786E-02 0.10301    -4.97771E-02
   34 3 7.29461E-02 5.13173E-02-2.35570E-02
   35 3 7.71629E-02 7.74504E-02-5.99960E-02
   36 3 7.78496E-02 9.85160E-02-2.69712E-02
   37 3 7.45865E-02 9.08600E-02-9.39361E-02
   38 3 7.84157E-02 9.05931E-02-0.10450    
   39 3 5.62135E-02 7.85716E-02-6.13246E-02
   40 3 6.98725E-02 8.86183E-02-5.56551E-02
   41 3-6.41393E-02-6.93568E-02 8.59332E-02
   42 3-5.25365E-02-8.71062E-02 5.84330E-02
   43 3-7.52981E-02-7.60889E-02 6.64356E-02
   44 3-7.52329E-02-9.40070E-02 6.67015E-02
   45 3-7.08386E-02-7.93107E-02 7.08578E-02
   46 3-0.10103    -6.64865E-02 9.25472E-02
   47 3-4.97952E-02-9.40422E-02 2.76626E-02
   48 3-8.03052E-02-8.51338E-02 0.11717    
   49 3-7.81751E-02-0.10560     0.10163    
   50 3-6.17961E-02-4.91597E-02 7.94183E-03
   51 3-7.89874E-02 8.60094E-02 7.11124E-02
   52 3-7.74458E-02 6.78756E-02 9.87872E-02
   53 3-5.09302E-02 6.55364E-02 4.75319E-02
   54 3-0.10449     7.08580E-02 5.73753E-02
   55 3-8.33498E-02 6.30770E-02 5.11790E-02
   56 3-5.49180E-02 5.40682E-02 4.92394E-02
   57 3-8.93215E-02 7.34734E-02 9.20881E-02
   58 3-8.35351E-02 7.69818E-02 9.69520E-02
   59 3-9.59612E-02 7.52951E-02 9.63174E-02
   60 3-0.11196     8.25085E-02 7.84440E-02
   61 3-6.90282E-02-7.14431E-02-6.41949E-02
   62 3-8.29413E-02-8.37752E-02-5.12334E-02
   63 3-8.62566E-02-8.51290E-02-6.31427E-02
   64 3-7.12300E-02-6.17201E-02-5.66765E-02
   65 3-9.87855E-02-8.11650E-02-8.42243E-02
   66 3-0.10775    -7.14178E-02-9.51824E-02
   67 3-7.16913E-02-9.58757E-02-9.05580E-02
   68 3-7.51055E-02-9.75772E-02-7.66102E-02
   69 3-7.46583E-02-8.80313E-02-5.51008E-02
   70 3-9.51869E-02-7.34467E-02-5.42710E-02
   71 3-9.09618E-02 9.52033E-02-4.49995E-02
   72 3-0.11262     8.02981E-02-4.31101E-02
   73 3-9.80034E-02 8.99765E-02-3.63747E-02
   74 3-0.12151     7.37901E-02-8.67140E-02
   75 3-9.46013E-02 8.33768E-02-3.54301E-02
   76 3-6.38014E-02 6.90350E-02-6.58704E-03
   77 3-9.46443E-02 6.29250E-02-7.39389E-02
   78 3-7.24688E-02 5.27526E-02-7.82419E-02
   79 3-8.57382E-02 5.82303E-02-7.29015E-02
   80 3-0.10110     7.44294E-02-5.72713E-02
 ;  FACTORS:  1,  2,  3,                                                        
